4.28192e-06
8.56385e-06
1.28458e-05
1.71277e-05
2.14096e-05
2.56915e-05
2.99735e-05
3.42554e-05
3.85373e-05
4.28192e-05
4.71012e-05
5.13831e-05
5.5665e-05
5.99469e-05
6.42289e-05
6.85108e-05
7.27927e-05
7.70746e-05
8.13565e-05
8.56385e-05
8.99204e-05
9.42023e-05
9.84842e-05
0.000102766
0.000107048
0.00011133
0.000115612
0.000119894
0.000124176
0.000128458
0.00013274
0.000137022
0.000141303
0.000145585
0.000149867
0.000154149
0.000158431
0.000162713
0.000166995
0.000171277
0.000175559
0.000179841
0.000184123
0.000188405
0.000192687
0.000196968
0.00020125
0.000205532
0.000209814
0.000214096
0.000218378
0.00022266
0.000226942
0.000231224
0.000235506
0.000239788
0.00024407
0.000248352
0.000252633
0.000256915
0.000261197
0.000265479
0.000269761
0.000274043
0.000278325
0.000282607
0.000286889
0.000291171
0.000295453
0.000299735
0.000304017
0.000308299
0.00031258
0.000316862
0.000321144
0.000325426
0.000329708
0.00033399
0.000338272
0.000342554
0.000346836
0.000351118
0.0003554
0.000359682
0.000363964
0.000368245
0.000372527
0.000376809
0.000381091
0.000385373
0.000389655
0.000393937
0.000398219
0.000402501
0.000406783
0.000411065
0.000415347
0.000419629
0.00042391
0.000428192
0.000432474
0.000436756
0.000441038
0.00044532
0.000449602
0.000453884
0.000458166
0.000462448
0.00046673
0.000471012
0.000475294
0.000479575
0.000483857
0.000488139
0.000492421
0.000496703
0.000500985
0.000505267
0.000509549
0.000513831
0.000518113
0.000522395
0.000526677
0.000530959
0.00053524
0.000539522
0.000543804
0.000548086
0.000552368
0.00055665
0.000560932
0.000565214
0.000569496
0.000573778
0.00057806
0.000582342
0.000586624
0.000590905
0.000595187
0.000599469
0.000603751
0.000608033
0.000612315
0.000616597
0.000620879
0.000625161
0.000629443
0.000633725
0.000638007
0.000642289
0.00064657
0.000650852
0.000655134
0.000659416
0.000663698
0.00066798
0.000672262
0.000676544
0.000680826
0.000685108
0.00068939
0.000693672
0.000697954
0.000702235
0.000706517
0.000710799
0.000715081
0.000719363
0.000723645
0.000727927
0.000732209
0.000736491
0.000740773
0.000745055
0.000749337
0.000753619
0.0007579
0.000762182
0.000766464
0.000770746
0.000775028
0.00077931
0.000783592
0.000787874
0.000792156
0.000796438
0.00080072
0.000805002
0.000809284
0.000813565
0.000817847
0.000822129
0.000826411
0.000830693
0.000834975
0.000839257
0.000843539
0.000847821
0.000852103
0.000856385
0.000860667
0.000864949
0.00086923
0.000873512
0.000877794
0.000882076
0.000886358
0.00089064
0.000894922
0.000899204
0.000903486
0.000907768
0.00091205
0.000916332
0.000920614
0.000924896
0.000929177
0.000933459
0.000937741
0.000942023
0.000946305
0.000950587
0.000954869
0.000959151
0.000963433
0.000967715
0.000971997
0.000976279
0.000980561
0.000984842
0.000989124
0.000993406
0.000997688
0.00100197
0.00100625
0.00101053
0.00101482
0.0010191
0.00102338
0.00102766
0.00103194
0.00103623
0.00104051
0.00104479
0.00104907
0.00105335
0.00105764
0.00106192
0.0010662
0.00107048
0.00107476
0.00107904
0.00108333
0.00108761
0.00109189
0.00109617
0.00110045
0.00110474
0.00110902
0.0011133
0.00111758
0.00112186
0.00112615
0.00113043
0.00113471
0.00113899
0.00114327
0.00114756
0.00115184
0.00115612
0.0011604
0.00116468
0.00116897
0.00117325
0.00117753
0.00118181
0.00118609
0.00119037
0.00119466
0.00119894
0.00120322
0.0012075
0.00121178
0.00121607
0.00122035
0.00122463
0.00122891
0.00123319
0.00123748
0.00124176
0.00124604
0.00125032
0.0012546
0.00125889
0.00126317
0.00126745
0.00127173
0.00127601
0.0012803
0.00128458
0.00128886
0.00129314
0.00129742
0.0013017
0.00130599
0.00131027
0.00131455
0.00131883
0.00132311
0.0013274
0.00133168
0.00133596
0.00134024
0.00134452
0.00134881
0.00135309
0.00135737
0.00136165
0.00136593
0.00137022
0.0013745
0.00137878
0.00138306
0.00138734
0.00139163
0.00139591
0.00140019
0.00140447
0.00140875
0.00141303
0.00141732
0.0014216
0.00142588
0.00143016
0.00143444
0.00143873
0.00144301
0.00144729
0.00145157
0.00145585
0.00146014
0.00146442
0.0014687
0.00147298
0.00147726
0.00148155
0.00148583
0.00149011
0.00149439
0.00149867
0.00150296
0.00150724
0.00151152
0.0015158
0.00152008
0.00152436
0.00152865
0.00153293
0.00153721
0.00154149
0.00154577
0.00155006
0.00155434
0.00155862
0.0015629
0.00156718
0.00157147
0.00157575
0.00158003
0.00158431
0.00158859
0.00159288
0.00159716
0.00160144
0.00160572
0.00161
0.00161429
0.00161857
0.00162285
0.00162713
0.00163141
0.00163569
0.00163998
0.00164426
0.00164854
0.00165282
0.0016571
0.00166139
0.00166567
0.00166995
0.00167423
0.00167851
0.0016828
0.00168708
0.00169136
0.00169564
0.00169992
0.00170421
0.00170849
0.00171277
0.00171705
0.00172133
0.00172562
0.0017299
0.00173418
0.00173846
0.00174274
0.00174702
0.00175131
0.00175559
0.00175987
0.00176415
0.00176843
0.00177272
0.001777
0.00178128
0.00178556
0.00178984
0.00179413
0.00179841
0.00180269
0.00180697
0.00181125
0.00181554
0.00181982
0.0018241
0.00182838
0.00183266
0.00183695
0.00184123
0.00184551
0.00184979
0.00185407
0.00185835
0.00186264
0.00186692
0.0018712
0.00187548
0.00187976
0.00188405
0.00188833
0.00189261
0.00189689
0.00190117
0.00190546
0.00190974
0.00191402
0.0019183
0.00192258
0.00192687
0.00193115
0.00193543
0.00193971
0.00194399
0.00194828
0.00195256
0.00195684
0.00196112
0.0019654
0.00196968
0.00197397
0.00197825
0.00198253
0.00198681
0.00199109
0.00199538
0.00199966
0.00200394
0.00200822
0.0020125
0.00201679
0.00202107
0.00202535
0.00202963
0.00203391
0.0020382
0.00204248
0.00204676
0.00205104
0.00205532
0.00205961
0.00206389
0.00206817
0.00207245
0.00207673
0.00208101
0.0020853
0.00208958
0.00209386
0.00209814
0.00210242
0.00210671
0.00211099
0.00211527
0.00211955
0.00212383
0.00212812
0.0021324
0.00213668
0.00214096
0.00214524
0.00214953
0.00215381
0.00215809
0.00216237
0.00216665
0.00217094
0.00217522
0.0021795
0.00218378
0.00218806
0.00219234
0.00219663
0.00220091
0.00220519
0.00220947
0.00221375
0.00221804
0.00222232
0.0022266
0.00223088
0.00223516
0.00223945
0.00224373
0.00224801
0.00225229
0.00225657
0.00226086
0.00226514
0.00226942
0.0022737
0.00227798
0.00228227
0.00228655
0.00229083
0.00229511
0.00229939
0.00230367
0.00230796
0.00231224
0.00231652
0.0023208
0.00232508
0.00232937
0.00233365
0.00233793
0.00234221
0.00234649
0.00235078
0.00235506
0.00235934
0.00236362
0.0023679
0.00237219
0.00237647
0.00238075
0.00238503
0.00238931
0.0023936
0.00239799
0.00240288
0.00240778
0.00241267
0.00241756
0.00242246
0.00242735
0.00243224
0.00243714
0.00244244
0.00244837
0.0024543
0.00246024
0.00246617
0.00247211
0.00247804
0.00248558
0.00249367
0.00250177
0.00250987
0.00252033
0.00253561
0.00255088
0.00256616
0.00258143
0.00259671
0.00261198
0.00262726
0.00264253
0.00265781
0.00267308
0.00268836
0.00270363
0.00271891
0.00273418
0.00274946
0.00276473
0.00278001
0.00279528
0.00281056
0.00282583
0.00284111
0.00285638
0.00287166
0.00288694
0.00290221
0.00291749
0.00293276
0.00294804
0.00296331
0.00297859
0.00299386
0.00300914
0.00302441
0.00306202
0.00311361
0.00316519
0.00321678
0.00326836
0.00331995
0.00337153
0.00342312
0.0034747
0.00352629
0.00357787
0.00362946
0.00368104
0.00373263
0.00378421
0.0038358
0.00388738
0.00393897
0.00399055
0.00404214
0.00409372
0.00414531
0.00419689
0.00424848
0.00430006
0.00435165
0.00440323
0.00445482
0.0045064
0.00455799
0.00460957
0.00466116
0.00471274
0.00476433
0.00481591
0.0048675
0.00491908
0.00497067
0.00502225
0.00507384
0.00512543
0.00517701
0.0052286
0.00528018
0.00533177
0.00538335
0.00543494
0.00548652
0.00553811
0.00558969
0.00564128
0.00569286
0.00574445
0.00579603
0.00584762
0.0058992
0.00595079
0.00600237
0.00605396
0.00610554
0.00615713
0.00620871
0.0062603
0.00631188
0.00636347
0.00641505
0.00646664
0.00651822
0.00656981
0.00662491
0.00669842
0.00677193
0.00684543
0.00691894
0.00699245
0.00706595
0.00713946
0.00721297
0.00728647
0.00735998
0.00743348
0.00750699
0.0075805
0.007654
0.00772751
0.00780102
0.00787452
0.00794803
0.00802154
0.00809504
0.00816855
0.00824205
0.00831556
0.00838907
0.00846257
0.00853608
0.00860959
0.00868309
0.0087566
0.00883011
0.00890361
0.00897712
0.00905062
0.00912413
0.00919764
0.00927114
0.00934465
0.00941816
0.00949166
0.00956517
0.00963867
0.00971218
0.00978569
0.00985919
0.0099327
0.0100062
0.0100797
0.0101532
0.0102267
0.0103002
0.0103737
0.0104472
0.0105208
0.0105943
0.0106678
0.0107413
0.0108148
0.0108883
0.0109618
0.0110353
0.0111088
0.0111823
0.0112558
0.0113293
0.0114028
0.0114763
0.0115498
0.0116233
0.0116969
0.0117704
0.0118439
0.0119174
0.0119909
0.0120644
0.0121379
0.0122114
0.0122849
0.0123584
0.0124319
0.0125054
0.0125789
0.0126524
0.0127259
0.0127994
0.012873
0.0129465
0.01302
0.0130935
0.013167
0.0132405
0.013314
0.0133875
0.013461
0.0135345
0.013608
0.0136815
0.013755
0.0138285
0.013902
0.0139755
0.0140491
0.0141226
0.0141961
0.0142696
0.0143431
0.0144166
0.0144901
0.0145636
0.0146371
0.0147106
0.0147841
0.0148576
0.0149311
0.0150046
0.0150781
0.0151517
0.0152252
0.0152987
0.0153722
0.0154457
0.0155192
0.0155927
0.0156662
0.0157397
0.0158132
0.0158867
0.0159602
0.0160337
0.0161072
0.0161807
0.0162542
0.0163278
0.0164013
0.0164748
0.0165483
0.0166218
0.0166953
0.0167688
0.0168423
0.0169158
0.0169893
0.0170628
0.0171363
0.0172098
0.0172833
0.0173568
0.0174303
0.0175039
0.0175774
0.0176509
0.0177244
0.0177979
0.0178714
0.0179449
0.0180184
0.0180919
0.0181654
0.0182389
0.0183124
0.0183859
0.0184594
0.0185329
0.0186065
0.01868
0.0187535
0.018827
0.0189005
0.018974
0.0190475
0.019121
0.0191945
0.019268
0.0193415
0.019415
0.0194885
0.019562
0.0196355
0.019709
0.0197826
0.0198561
0.0199296
0.0200031
0.0200766
0.0201501
0.0202236
0.0202971
0.0203706
0.0204441
0.0205176
0.0205911
0.0206646
0.0207381
0.0208116
0.0208851
0.0209587
0.0210322
0.0211057
0.0211792
0.0212527
0.0213262
0.0213997
0.0214732
0.0215467
0.0216202
0.0216937
0.0217672
0.0218407
0.0219142
0.0219877
0.0220612
0.0221348
0.0222083
0.0222818
0.0223553
0.0224288
0.0225023
0.0225758
0.0226493
0.0227228
0.0227963
0.0228698
0.0229433
0.0230168
0.0230903
0.0231638
0.0232374
0.0233109
0.0233844
0.0234579
0.0235314
0.0236049
0.0236784
0.0237519
0.0238254
0.0238989
0.0239724
0.0240459
0.0241194
0.0241929
0.0242664
0.0243399
0.0244135
0.024487
0.0245605
0.024634
0.0247075
0.024781
0.0248545
0.024928
0.0250015
0.025075
0.0251485
0.025222
0.0252955
0.025369
0.0254425
0.025516
0.0255896
0.0256631
0.0257366
0.0258101
0.0258836
0.0259571
0.0260306
0.0261041
0.0261776
0.0262511
0.0263246
0.0263981
0.0264716
0.0265451
0.0266186
0.0266921
0.0267657
0.0268392
0.0269127
0.0269862
0.0270597
0.0271332
0.0272067
0.0272802
0.0273537
0.0274272
0.0275007
0.0275742
0.0276477
0.0277212
0.0277947
0.0278683
0.0279418
0.0280153
0.0280888
0.0281623
0.0282358
0.0283093
0.0283828
0.0284563
0.0285298
0.0286033
0.0286768
0.0287503
0.0288238
0.0288973
0.0289708
0.0290444
0.0291179
0.0291914
0.0292649
0.0293384
0.0294119
0.0294854
0.0295589
0.0296324
0.0297059
0.0297794
0.0298529
0.0299264
