0          -1.39628e-07 0          -6.24435e-08  0          6.24435e-08  0          1.39628e-07
1.9513e-23  -2.79256e-07 1.9513e-23 -1.24887e-07 -1.9513e-23 1.24887e-07 -1.9513e-23 2.79256e-07
1.9513e-23  -4.18884e-07 1.9513e-23 -1.87331e-07 -1.9513e-23 1.87331e-07 -1.9513e-23 4.18884e-07
-1.36591e-22 -5.58512e-07 5.85389e-23 -2.49774e-07 -5.85389e-23 2.49774e-07 1.36591e-22 5.58512e-07
9.75648e-23  -6.9814e-07 5.85389e-23 -3.12218e-07 -5.85389e-23 3.12218e-07 -9.75648e-23 6.9814e-07
3.3172e-22   -8.37768e-07 1.75617e-22 -3.74661e-07 -1.75617e-22 3.74661e-07 -3.3172e-22 8.37768e-07
4.87824e-22  -9.77396e-07 1.9513e-23 -4.37105e-07 -1.9513e-23 4.37105e-07 -4.87824e-22 9.77396e-07
4.87824e-22  -1.11702e-06 9.75648e-23 -4.99548e-07 -9.75648e-23 4.99548e-07 -4.87824e-22 1.11702e-06
4.87824e-22  -1.25665e-06 9.75648e-23 -5.61992e-07 -9.75648e-23 5.61992e-07 -4.87824e-22 1.25665e-06
9.56135e-22  -1.39628e-06 -5.85389e-23 -6.24435e-07 5.85389e-23 6.24435e-07 -9.56135e-22 1.39628e-06
4.87824e-22  -1.53591e-06 1.75617e-22 -6.86879e-07 -1.75617e-22 6.86879e-07 -4.87824e-22 1.53591e-06
-1.36591e-22 -1.67554e-06 2.53669e-22 -7.49322e-07 -2.53669e-22 7.49322e-07 1.36591e-22 1.67554e-06
-7.61006e-22 -1.81516e-06 7.2198e-22 -8.11766e-07 -7.2198e-22 8.11766e-07 7.61006e-22 1.81516e-06
-4.48798e-22 -1.95479e-06 4.09772e-22 -8.74209e-07 -4.09772e-22 8.74209e-07 4.48798e-22 1.95479e-06
-4.48798e-22 -2.09442e-06 -3.70746e-22 -9.36653e-07 3.70746e-22 9.36653e-07 4.48798e-22 2.09442e-06
-1.36591e-22 -2.23405e-06 -3.70746e-22 -9.99096e-07 3.70746e-22 9.99096e-07 1.36591e-22 2.23405e-06
-1.07321e-21 -2.37368e-06 -5.2685e-22 -1.06154e-06 5.2685e-22 1.06154e-06 1.07321e-21 2.37368e-06
8.00032e-22  -2.5133e-06 -3.70746e-22 -1.12398e-06 3.70746e-22 1.12398e-06 -8.00032e-22 2.5133e-06
4.87824e-22  -2.65293e-06 -3.70746e-22 -1.18643e-06 3.70746e-22 1.18643e-06 -4.87824e-22 2.65293e-06
1.11224e-21  -2.79256e-06 -6.82954e-22 -1.24887e-06 6.82954e-22 1.24887e-06 -1.11224e-21 2.79256e-06
2.04886e-21  -2.93219e-06 1.03419e-21 -1.31131e-06 -1.03419e-21 1.31131e-06 -2.04886e-21 2.93219e-06
8.00032e-22  -3.07181e-06 -2.14643e-22 -1.37376e-06 2.14643e-22 1.37376e-06 -8.00032e-22 3.07181e-06
1.42445e-21  -3.21144e-06 -5.85389e-23 -1.4362e-06 5.85389e-23 1.4362e-06 -1.42445e-21 3.21144e-06
8.00032e-22  -3.35107e-06 -2.14643e-22 -1.49864e-06 2.14643e-22 1.49864e-06 -8.00032e-22 3.35107e-06
-4.48798e-22 -3.4907e-06 -1.15126e-21 -1.56109e-06 1.15126e-21 1.56109e-06 4.48798e-22 3.4907e-06
1.75617e-22  -3.63033e-06 -1.15126e-21 -1.62353e-06 1.15126e-21 1.62353e-06 -1.75617e-22 3.63033e-06
1.75617e-22  -3.76995e-06 -8.39057e-22 -1.68597e-06 8.39057e-22 1.68597e-06 -1.75617e-22 3.76995e-06
-4.48798e-22 -3.90958e-06 -5.2685e-22 -1.74842e-06 5.2685e-22 1.74842e-06 4.48798e-22 3.90958e-06
1.75617e-22  -4.04921e-06 -2.40009e-21 -1.81086e-06 2.40009e-21 1.81086e-06 -1.75617e-22 4.04921e-06
-4.48798e-22 -4.18884e-06 -5.2685e-22 -1.87331e-06 5.2685e-22 1.87331e-06 4.48798e-22 4.18884e-06
1.75617e-22  -4.32847e-06 -1.15126e-21 -1.93575e-06 1.15126e-21 1.93575e-06 -1.75617e-22 4.32847e-06
-4.48798e-22 -4.46809e-06 -1.46347e-21 -1.99819e-06 1.46347e-21 1.99819e-06 4.48798e-22 4.46809e-06
-1.07321e-21 -4.60772e-06 -2.40009e-21 -2.06064e-06 2.40009e-21 2.06064e-06 1.07321e-21 4.60772e-06
8.00032e-22  -4.74735e-06 2.28302e-21 -2.12308e-06 -2.28302e-21 2.12308e-06 -8.00032e-22 4.74735e-06
5.17094e-21  -4.88698e-06 -5.2685e-22 -2.18552e-06 5.2685e-22 2.18552e-06 -5.17094e-21 4.88698e-06
-5.44412e-21 -5.02661e-06 7.2198e-22 -2.24797e-06 -7.2198e-22 2.24797e-06 5.44412e-21 5.02661e-06
-4.48798e-22 -5.16623e-06 1.03419e-21 -2.31041e-06 -1.03419e-21 2.31041e-06 4.48798e-22 5.16623e-06
3.29769e-21  -5.30586e-06 2.90743e-21 -2.37285e-06 -2.90743e-21 2.37285e-06 -3.29769e-21 5.30586e-06
8.91742e-21  -5.44549e-06 4.09772e-22 -2.4353e-06 -4.09772e-22 2.4353e-06 -8.91742e-21 5.44549e-06
-1.69763e-21 -5.58512e-06 1.97081e-21 -2.49774e-06 -1.97081e-21 2.49774e-06 1.69763e-21 5.58512e-06
-1.69763e-21 -5.72475e-06 -2.14643e-22 -2.56018e-06 2.14643e-22 2.56018e-06 1.69763e-21 5.72475e-06
3.29769e-21  -5.86437e-06 4.09772e-22 -2.62263e-06 -4.09772e-22 2.62263e-06 -3.29769e-21 5.86437e-06
3.29769e-21  -6.004e-06 2.28302e-21 -2.68507e-06 -2.28302e-21 2.68507e-06 -3.29769e-21 6.004e-06
5.79535e-21  -6.14363e-06 4.78068e-21 -2.74751e-06 -4.78068e-21 2.74751e-06 -5.79535e-21 6.14363e-06
8.00032e-22  -6.28326e-06 3.84405e-21 -2.80996e-06 -3.84405e-21 2.80996e-06 -8.00032e-22 6.28326e-06
7.04418e-21  -6.42289e-06 -8.39057e-22 -2.8724e-06 8.39057e-22 2.8724e-06 -7.04418e-21 6.42289e-06
-4.48798e-22  -6.56251e-06 3.84405e-21 -2.93485e-06 -3.84405e-21 2.93485e-06 4.48798e-22 6.56251e-06
-4.19529e-21 -6.70214e-06 -5.2685e-22 -2.99729e-06 5.2685e-22 2.99729e-06 4.19529e-21 6.70214e-06
-4.19529e-21 -6.84177e-06 -3.02451e-21 -3.05973e-06 3.02451e-21 3.05973e-06 4.19529e-21 6.84177e-06
-1.69763e-21 -6.9814e-06 -3.02451e-21 -3.12218e-06 3.02451e-21 3.12218e-06 1.69763e-21 6.9814e-06
5.79535e-21 -7.12103e-06 -2.40009e-21 -3.18462e-06 2.40009e-21 3.18462e-06 -5.79535e-21 7.12103e-06
7.04418e-21 -7.26065e-06 -2.40009e-21 -3.24706e-06 2.40009e-21 3.24706e-06 -7.04418e-21 7.26065e-06
-5.44412e-21 -7.40028e-06 -5.2685e-22 -3.30951e-06 5.2685e-22 3.30951e-06 5.44412e-21 7.40028e-06
-2.94646e-21 -7.53991e-06 -5.2685e-22 -3.37195e-06 5.2685e-22 3.37195e-06 2.94646e-21 7.53991e-06
3.29769e-21 -7.67954e-06 7.2198e-22 -3.43439e-06 -7.2198e-22 3.43439e-06 -3.29769e-21 7.67954e-06
8.00032e-22 -7.81916e-06 3.84405e-21 -3.49684e-06 -3.84405e-21 3.49684e-06 -8.00032e-22 7.81916e-06
3.29769e-21 -7.95879e-06 9.75648e-23 -3.55928e-06 -9.75648e-23 3.55928e-06 -3.29769e-21 7.95879e-06
5.79535e-21 -8.09842e-06 7.2198e-22 -3.62172e-06 -7.2198e-22 3.62172e-06 -5.79535e-21 8.09842e-06
4.54652e-21 -8.23805e-06 7.2198e-22 -3.68417e-06 -7.2198e-22 3.68417e-06 -4.54652e-21 8.23805e-06
8.29301e-21 -8.37768e-06 1.97081e-21 -3.74661e-06 -1.97081e-21 3.74661e-06 -8.29301e-21 8.37768e-06
-1.69763e-21 -8.5173e-06 3.84405e-21 -3.80905e-06 -3.84405e-21 3.80905e-06 1.69763e-21 8.5173e-06
-4.48798e-22 -8.65693e-06 1.97081e-21 -3.8715e-06 -1.97081e-21 3.8715e-06 4.48798e-22 8.65693e-06
8.00032e-22 -8.79656e-06 9.75648e-23 -3.93394e-06 -9.75648e-23 3.93394e-06 -8.00032e-22 8.79656e-06
-4.48798e-22 -8.93619e-06 -1.15126e-21 -3.99638e-06 1.15126e-21 3.99638e-06 4.48798e-22 8.93619e-06
8.29301e-21 -9.07582e-06 -2.40009e-21 -4.05883e-06 2.40009e-21 4.05883e-06 -8.29301e-21 9.07582e-06
8.00032e-22 -9.21544e-06 -2.40009e-21 -4.12127e-06 2.40009e-21 4.12127e-06 -8.00032e-22 9.21544e-06
-4.48798e-22 -9.35507e-06 -4.89775e-21 -4.18372e-06 4.89775e-21 4.18372e-06 4.48798e-22 9.35507e-06
-4.48798e-22 -9.4947e-06 6.34171e-21 -4.24616e-06 -6.34171e-21 4.24616e-06 4.48798e-22 9.4947e-06
4.54652e-21 -9.63433e-06 9.75648e-23 -4.3086e-06 -9.75648e-23 4.3086e-06 -4.54652e-21 9.63433e-06
5.79535e-21 -9.77396e-06 3.21964e-21 -4.37105e-06 -3.21964e-21 4.37105e-06 -5.79535e-21 9.77396e-06
5.79535e-21 -9.91358e-06 5.7173e-21 -4.43349e-06 -5.7173e-21 4.43349e-06 -5.79535e-21 9.91358e-06
2.04886e-21 -1.00532e-05 7.2198e-22 -4.49593e-06 -7.2198e-22 4.49593e-06 -2.04886e-21 1.00532e-05
-4.48798e-22 -1.01928e-05 5.09288e-21 -4.55838e-06 -5.09288e-21 4.55838e-06 4.48798e-22 1.01928e-05
-5.44412e-21 -1.03325e-05 -1.77568e-21 -4.62082e-06 1.77568e-21 4.62082e-06 5.44412e-21 1.03325e-05
8.00032e-22 -1.04721e-05 -5.2685e-22 -4.68326e-06 5.2685e-22 4.68326e-06 -8.00032e-22 1.04721e-05
9.54184e-21 -1.06117e-05 -5.2685e-22 -4.74571e-06 5.2685e-22 4.74571e-06 -9.54184e-21 1.06117e-05
5.79535e-21 -1.07514e-05 5.09288e-21 -4.80815e-06 -5.09288e-21 4.80815e-06 -5.79535e-21 1.07514e-05
-1.69763e-21 -1.0891e-05 -1.15126e-21 -4.87059e-06 1.15126e-21 4.87059e-06 1.69763e-21 1.0891e-05
-4.19529e-21 -1.10306e-05 1.34639e-21 -4.93304e-06 -1.34639e-21 4.93304e-06 4.19529e-21 1.10306e-05
7.04418e-21 -1.11702e-05 -1.77568e-21 -4.99548e-06 1.77568e-21 4.99548e-06 -7.04418e-21 1.11702e-05
3.29769e-21 -1.13099e-05 9.75648e-23 -5.05792e-06 -9.75648e-23 5.05792e-06 -3.29769e-21 1.13099e-05
3.29769e-21 -1.14495e-05 1.97081e-21 -5.12037e-06 -1.97081e-21 5.12037e-06 -3.29769e-21 1.14495e-05
2.04886e-21 -1.15891e-05 3.21964e-21 -5.18281e-06 -3.21964e-21 5.18281e-06 -2.04886e-21 1.15891e-05
-5.44412e-21 -1.17287e-05 3.84405e-21 -5.24526e-06 -3.84405e-21 5.24526e-06 5.44412e-21 1.17287e-05
1.20395e-20 -1.18684e-05 9.75648e-23 -5.3077e-06 -9.75648e-23 5.3077e-06 -1.20395e-20 1.18684e-05
4.54652e-21 -1.2008e-05 -3.64892e-21 -5.37014e-06 3.64892e-21 5.37014e-06 -4.54652e-21 1.2008e-05
1.70348e-20 -1.21476e-05 -1.15126e-21 -5.43259e-06 1.15126e-21 5.43259e-06 -1.70348e-20 1.21476e-05
-7.94178e-21 -1.22873e-05 -1.15126e-21 -5.49503e-06 1.15126e-21 5.49503e-06 7.94178e-21 1.22873e-05
7.04418e-21 -1.24269e-05 3.21964e-21 -5.55747e-06 -3.21964e-21 5.55747e-06 -7.04418e-21 1.24269e-05
1.20395e-20 -1.25665e-05 -3.02451e-21 -5.61992e-06 3.02451e-21 5.61992e-06 -1.20395e-20 1.25665e-05
1.45372e-20 -1.27061e-05 -5.2685e-22 -5.68236e-06 5.2685e-22 5.68236e-06 -1.45372e-20 1.27061e-05
-1.04394e-20 -1.28458e-05 1.97081e-21 -5.7448e-06 -1.97081e-21 5.7448e-06 1.04394e-20 1.28458e-05
-1.04394e-20 -1.29854e-05 2.59522e-21 -5.80725e-06 -2.59522e-21 5.80725e-06 1.04394e-20 1.29854e-05
-4.48798e-22 -1.3125e-05 8.83937e-21 -5.86969e-06 -8.83937e-21 5.86969e-06 4.48798e-22 1.3125e-05
-2.94646e-21 -1.32647e-05 1.34639e-21 -5.93213e-06 -1.34639e-21 5.93213e-06 2.94646e-21 1.32647e-05
7.04418e-21 -1.34043e-05 2.59522e-21 -5.99458e-06 -2.59522e-21 5.99458e-06 -7.04418e-21 1.34043e-05
2.04886e-21 -1.35439e-05 3.84405e-21 -6.05702e-06 -3.84405e-21 6.05702e-06 -2.04886e-21 1.35439e-05
4.54652e-21 -1.36835e-05 6.34171e-21 -6.11946e-06 -6.34171e-21 6.11946e-06 -4.54652e-21 1.36835e-05
-4.48798e-22 -1.38232e-05 1.00882e-20 -6.18191e-06 -1.00882e-20 6.18191e-06 4.48798e-22 1.38232e-05
9.54184e-21 -1.39628e-05 -7.39541e-21 -6.24435e-06 7.39541e-21 6.24435e-06 -9.54184e-21 1.39628e-05
2.70255e-20 -1.41024e-05 2.59522e-21 -6.3068e-06 -2.59522e-21 6.3068e-06 -2.70255e-20 1.41024e-05
2.04886e-21 -1.42421e-05 5.09288e-21 -6.36924e-06 -5.09288e-21 6.36924e-06 -2.04886e-21 1.42421e-05
1.95325e-20 -1.43817e-05 3.84405e-21 -6.43168e-06 -3.84405e-21 6.43168e-06 -1.95325e-20 1.43817e-05
2.04886e-21 -1.45213e-05 8.83937e-21 -6.49413e-06 -8.83937e-21 6.49413e-06 -2.04886e-21 1.45213e-05
9.54184e-21 -1.46609e-05 -4.89775e-21 -6.55657e-06 4.89775e-21 6.55657e-06 -9.54184e-21 1.46609e-05
9.54184e-21 -1.48006e-05 -4.89775e-21 -6.61901e-06 4.89775e-21 6.61901e-06 -9.54184e-21 1.48006e-05
7.04418e-21 -1.49402e-05 -3.64892e-21 -6.68146e-06 3.64892e-21 6.68146e-06 -7.04418e-21 1.49402e-05
2.70255e-20 -1.50798e-05 -4.89775e-21 -6.7439e-06 4.89775e-21 6.7439e-06 -2.70255e-20 1.50798e-05
-4.48798e-22 -1.52194e-05 -2.40009e-21 -6.80634e-06 2.40009e-21 6.80634e-06 4.48798e-22 1.52194e-05
-7.94178e-21 -1.53591e-05 -2.40009e-21 -6.86879e-06 2.40009e-21 6.86879e-06 7.94178e-21 1.53591e-05
4.54652e-21 -1.54987e-05 -1.15126e-21 -6.93123e-06 1.15126e-21 6.93123e-06 -4.54652e-21 1.54987e-05
4.54652e-21 -1.56383e-05 -1.15126e-21 -6.99367e-06 1.15126e-21 6.99367e-06 -4.54652e-21 1.56383e-05
-2.94646e-21 -1.5778e-05 -3.64892e-21 -7.05612e-06 3.64892e-21 7.05612e-06 2.94646e-21 1.5778e-05
-1.29371e-20 -1.59176e-05 -3.64892e-21 -7.11856e-06 3.64892e-21 7.11856e-06 1.29371e-20 1.59176e-05
-1.04394e-20 -1.60572e-05 -4.89775e-21 -7.181e-06 4.89775e-21 7.181e-06 1.04394e-20 1.60572e-05
-1.04394e-20 -1.61968e-05 -2.40009e-21 -7.24345e-06 2.40009e-21 7.24345e-06 1.04394e-20 1.61968e-05
-1.29371e-20 -1.63365e-05 5.09288e-21 -7.30589e-06 -5.09288e-21 7.30589e-06 1.29371e-20 1.63365e-05
-1.29371e-20 -1.64761e-05 5.09288e-21 -7.36833e-06 -5.09288e-21 7.36833e-06 1.29371e-20 1.64761e-05
-5.44412e-21 -1.66157e-05 -1.15126e-21 -7.43078e-06 1.15126e-21 7.43078e-06 5.44412e-21 1.66157e-05
-1.04394e-20 -1.67554e-05 3.84405e-21 -7.49322e-06 -3.84405e-21 7.49322e-06 1.04394e-20 1.67554e-05
-1.79324e-20 -1.6895e-05 6.34171e-21 -7.55567e-06 -6.34171e-21 7.55567e-06 1.79324e-20 1.6895e-05
4.54652e-21 -1.70346e-05 5.09288e-21 -7.61811e-06 -5.09288e-21 7.61811e-06 -4.54652e-21 1.70346e-05
-7.94178e-21 -1.71742e-05 8.83937e-21 -7.68055e-06 -8.83937e-21 7.68055e-06 7.94178e-21 1.71742e-05
-7.94178e-21 -1.73139e-05 -2.40009e-21 -7.743e-06 2.40009e-21 7.743e-06 7.94178e-21 1.73139e-05
-3.04207e-20 -1.74535e-05 -1.15126e-21 -7.80544e-06 1.15126e-21 7.80544e-06 3.04207e-20 1.74535e-05
-1.79324e-20 -1.75931e-05 -1.15126e-21 -7.86788e-06 1.15126e-21 7.86788e-06 1.79324e-20 1.75931e-05
-7.94178e-21 -1.77327e-05 3.84405e-21 -7.93033e-06 -3.84405e-21 7.93033e-06 7.94178e-21 1.77327e-05
-2.29277e-20 -1.78724e-05 7.59054e-21 -7.99277e-06 -7.59054e-21 7.99277e-06 2.29277e-20 1.78724e-05
-4.48798e-22 -1.8012e-05 -2.40009e-21 -8.05521e-06 2.40009e-21 8.05521e-06 4.48798e-22 1.8012e-05
-7.94178e-21 -1.81516e-05 -3.64892e-21 -8.11766e-06 3.64892e-21 8.11766e-06 7.94178e-21 1.81516e-05
-2.54254e-20 -1.82913e-05 -7.39541e-21 -8.1801e-06 7.39541e-21 8.1801e-06 2.54254e-20 1.82913e-05
-7.94178e-21 -1.84309e-05 7.59054e-21 -8.24254e-06 -7.59054e-21 8.24254e-06 7.94178e-21 1.84309e-05
-1.29371e-20 -1.85705e-05 -8.64424e-21 -8.30499e-06 8.64424e-21 8.30499e-06 1.29371e-20 1.85705e-05
-2.29277e-20 -1.87101e-05 5.09288e-21 -8.36743e-06 -5.09288e-21 8.36743e-06 2.29277e-20 1.87101e-05
-2.29277e-20 -1.88498e-05 6.34171e-21 -8.42987e-06 -6.34171e-21 8.42987e-06 2.29277e-20 1.88498e-05
-1.54348e-20 -1.89894e-05 5.09288e-21 -8.49232e-06 -5.09288e-21 8.49232e-06 1.54348e-20 1.89894e-05
-1.79324e-20 -1.9129e-05 7.59054e-21 -8.55476e-06 -7.59054e-21 8.55476e-06 1.79324e-20 1.9129e-05
2.04886e-21 -1.92687e-05 3.84405e-21 -8.61721e-06 -3.84405e-21 8.61721e-06 -2.04886e-21 1.92687e-05
-1.54348e-20 -1.94083e-05 1.34639e-21 -8.67965e-06 -1.34639e-21 8.67965e-06 1.54348e-20 1.94083e-05
-7.94178e-21 -1.95479e-05 6.34171e-21 -8.74209e-06 -6.34171e-21 8.74209e-06 7.94178e-21 1.95479e-05
-1.54348e-20 -1.96875e-05 8.83937e-21 -8.80454e-06 -8.83937e-21 8.80454e-06 1.54348e-20 1.96875e-05
-1.04394e-20 -1.98272e-05 -8.64424e-21 -8.86698e-06 8.64424e-21 8.86698e-06 1.04394e-20 1.98272e-05
-2.29277e-20 -1.99668e-05 9.75648e-23 -8.92942e-06 -9.75648e-23 8.92942e-06 2.29277e-20 1.99668e-05
-2.54254e-20 -2.01064e-05 -4.89775e-21 -8.99187e-06 4.89775e-21 8.99187e-06 2.54254e-20 2.01064e-05
-3.04207e-20 -2.02461e-05 -7.39541e-21 -9.05431e-06 7.39541e-21 9.05431e-06 3.04207e-20 2.02461e-05
-1.79324e-20 -2.03857e-05 5.09288e-21 -9.11675e-06 -5.09288e-21 9.11675e-06 1.79324e-20 2.03857e-05
-3.5416e-20 -2.05253e-05 -2.40009e-21 -9.1792e-06 2.40009e-21 9.1792e-06 3.5416e-20 2.05253e-05
-3.04207e-20 -2.06649e-05 -4.89775e-21 -9.24164e-06 4.89775e-21 9.24164e-06 3.04207e-20 2.06649e-05
4.54652e-21 -2.08046e-05 -1.15126e-21 -9.30408e-06 1.15126e-21 9.30408e-06 -4.54652e-21 2.08046e-05
-2.29277e-20 -2.09442e-05 1.34639e-21 -9.36653e-06 -1.34639e-21 9.36653e-06 2.29277e-20 2.09442e-05
-5.7895e-20 -2.10838e-05 -3.64892e-21 -9.42897e-06 3.64892e-21 9.42897e-06 5.7895e-20 2.10838e-05
-3.04207e-20 -2.12234e-05 -1.11419e-20 -9.49141e-06 1.11419e-20 9.49141e-06 3.04207e-20 2.12234e-05
-1.29371e-20 -2.13631e-05 -8.64424e-21 -9.55386e-06 8.64424e-21 9.55386e-06 1.29371e-20 2.13631e-05
-6.03926e-20 -2.15027e-05 -3.64892e-21 -9.6163e-06 3.64892e-21 9.6163e-06 6.03926e-20 2.15027e-05
-2.79231e-20 -2.16423e-05 -3.64892e-21 -9.67874e-06 3.64892e-21 9.67874e-06 2.79231e-20 2.16423e-05
-1.29371e-20 -2.1782e-05 -1.15126e-21 -9.74119e-06 1.15126e-21 9.74119e-06 1.29371e-20 2.1782e-05
-4.04113e-20 -2.19216e-05 3.84405e-21 -9.80363e-06 -3.84405e-21 9.80363e-06 4.04113e-20 2.19216e-05
-4.04113e-20 -2.20612e-05 7.59054e-21 -9.86608e-06 -7.59054e-21 9.86608e-06 4.04113e-20 2.20612e-05
-3.79137e-20 -2.22008e-05 3.84405e-21 -9.92852e-06 -3.84405e-21 9.92852e-06 3.79137e-20 2.22008e-05
-3.04207e-20 -2.23405e-05 2.59522e-21 -9.99096e-06 -2.59522e-21 9.99096e-06 3.04207e-20 2.23405e-05
-4.54067e-20 -2.24801e-05 -3.64892e-21 -1.00534e-05 3.64892e-21 1.00534e-05 4.54067e-20 2.24801e-05
-2.54254e-20 -2.26197e-05 -2.40009e-21 -1.01158e-05 2.40009e-21 1.01158e-05 2.54254e-20 2.26197e-05
-2.29277e-20 -2.27594e-05 1.34639e-21 -1.01783e-05 -1.34639e-21 1.01783e-05 2.29277e-20 2.27594e-05
-5.53973e-20 -2.2899e-05 9.75648e-23 -1.02407e-05 -9.75648e-23 1.02407e-05 5.53973e-20 2.2899e-05
-4.04113e-20 -2.30386e-05 3.84405e-21 -1.03032e-05 -3.84405e-21 1.03032e-05 4.04113e-20 2.30386e-05
-1.79324e-20 -2.31782e-05 9.75648e-23 -1.03656e-05 -9.75648e-23 1.03656e-05 1.79324e-20 2.31782e-05
-6.28903e-20 -2.33179e-05 3.84405e-21 -1.04281e-05 -3.84405e-21 1.04281e-05 6.28903e-20 2.33179e-05
-3.29184e-20 -2.34575e-05 1.34639e-21 -1.04905e-05 -1.34639e-21 1.04905e-05 3.29184e-20 2.34575e-05
-3.29184e-20 -2.35971e-05 2.59522e-21 -1.0553e-05 -2.59522e-21 1.0553e-05 3.29184e-20 2.35971e-05
-2.29277e-20 -2.37368e-05 1.34639e-21 -1.06154e-05 -1.34639e-21 1.06154e-05 2.29277e-20 2.37368e-05
-4.79043e-20 -2.38764e-05 9.75648e-23 -1.06778e-05 -9.75648e-23 1.06778e-05 4.79043e-20 2.38764e-05
-1.79324e-20 -2.4016e-05 -1.15126e-21 -1.07403e-05 1.15126e-21 1.07403e-05 1.79324e-20 2.4016e-05
-4.2909e-20 -2.41556e-05 1.00882e-20 -1.08027e-05 -1.00882e-20 1.08027e-05 4.2909e-20 2.41556e-05
-3.79137e-20 -2.42953e-05 8.83937e-21 -1.08652e-05 -8.83937e-21 1.08652e-05 3.79137e-20 2.42953e-05
-3.29184e-20 -2.44349e-05 8.83937e-21 -1.09276e-05 -8.83937e-21 1.09276e-05 3.29184e-20 2.44349e-05
-1.29371e-20 -2.45745e-05 9.75648e-23 -1.09901e-05 -9.75648e-23 1.09901e-05 1.29371e-20 2.45745e-05
-4.2909e-20 -2.47141e-05 1.1337e-20 -1.10525e-05 -1.1337e-20 1.10525e-05 4.2909e-20 2.47141e-05
-4.79043e-20 -2.48538e-05 1.38347e-20 -1.11149e-05 -1.38347e-20 1.11149e-05 4.79043e-20 2.48538e-05
-3.29184e-20 -2.49934e-05 -1.36396e-20 -1.11774e-05 1.36396e-20 1.11774e-05 3.29184e-20 2.49934e-05
-2.29277e-20 -2.5133e-05 2.38253e-20 -1.12398e-05 -2.38253e-20 1.12398e-05 2.29277e-20 2.5133e-05
-6.28903e-20 -2.52727e-05 -1.15126e-21 -1.13023e-05 1.15126e-21 1.13023e-05 6.28903e-20 2.52727e-05
-1.29371e-20 -2.54123e-05 7.59054e-21 -1.13647e-05 -7.59054e-21 1.13647e-05 1.29371e-20 2.54123e-05
-7.28809e-20 -2.55519e-05 5.09288e-21 -1.14272e-05 -5.09288e-21 1.14272e-05 7.28809e-20 2.55519e-05
-7.28809e-20 -2.56915e-05 1.25859e-20 -1.14896e-05 -1.25859e-20 1.14896e-05 7.28809e-20 2.56915e-05
-5.28996e-20 -2.58312e-05 1.883e-20 -1.15521e-05 -1.883e-20 1.15521e-05 5.28996e-20 2.58312e-05
-3.29184e-20 -2.59708e-05 3.84405e-21 -1.16145e-05 -3.84405e-21 1.16145e-05 3.29184e-20 2.59708e-05
-4.79043e-20 -2.61104e-05 1.1337e-20 -1.16769e-05 -1.1337e-20 1.16769e-05 4.79043e-20 2.61104e-05
-3.29184e-20 -2.62501e-05 2.13277e-20 -1.17394e-05 -2.13277e-20 1.17394e-05 3.29184e-20 2.62501e-05
-1.29371e-20 -2.63897e-05 1.1337e-20 -1.18018e-05 -1.1337e-20 1.18018e-05 1.29371e-20 2.63897e-05
-3.79137e-20 -2.65293e-05 1.38347e-20 -1.18643e-05 -1.38347e-20 1.18643e-05 3.79137e-20 2.65293e-05
-2.79231e-20 -2.66689e-05 -6.14658e-21 -1.19267e-05 6.14658e-21 1.19267e-05 2.79231e-20 2.66689e-05
-2.94646e-21 -2.68086e-05 -6.14658e-21 -1.19892e-05 6.14658e-21 1.19892e-05 2.94646e-21 2.68086e-05
-5.7895e-20 -2.69482e-05 -1.15126e-21 -1.20516e-05 1.15126e-21 1.20516e-05 5.7895e-20 2.69482e-05
-5.7895e-20 -2.70878e-05 3.84405e-21 -1.2114e-05 -3.84405e-21 1.2114e-05 5.7895e-20 2.70878e-05
-3.29184e-20 -2.72274e-05 8.83937e-21 -1.21765e-05 -8.83937e-21 1.21765e-05 3.29184e-20 2.72274e-05
-2.79231e-20 -2.73671e-05 1.1337e-20 -1.22389e-05 -1.1337e-20 1.22389e-05 2.79231e-20 2.73671e-05
-3.79137e-20 -2.75067e-05 1.38347e-20 -1.23014e-05 -1.38347e-20 1.23014e-05 3.79137e-20 2.75067e-05
-3.79137e-20 -2.76463e-05 -3.64892e-21 -1.23638e-05 3.64892e-21 1.23638e-05 3.79137e-20 2.76463e-05
-3.29184e-20 -2.7786e-05 3.84405e-21 -1.24263e-05 -3.84405e-21 1.24263e-05 3.29184e-20 2.7786e-05
-3.79137e-20 -2.79256e-05 3.84405e-21 -1.24887e-05 -3.84405e-21 1.24887e-05 3.79137e-20 2.79256e-05
-4.79043e-20 -2.80652e-05 8.83937e-21 -1.25511e-05 -8.83937e-21 1.25511e-05 4.79043e-20 2.80652e-05
-5.7895e-20 -2.82048e-05 8.83937e-21 -1.26136e-05 -8.83937e-21 1.26136e-05 5.7895e-20 2.82048e-05
-6.28903e-20 -2.83445e-05 3.84405e-21 -1.2676e-05 -3.84405e-21 1.2676e-05 6.28903e-20 2.83445e-05
-8.28716e-20 -2.84841e-05 2.13277e-20 -1.27385e-05 -2.13277e-20 1.27385e-05 8.28716e-20 2.84841e-05
-4.79043e-20 -2.86237e-05 -8.64424e-21 -1.28009e-05 8.64424e-21 1.28009e-05 4.79043e-20 2.86237e-05
-3.29184e-20 -2.87634e-05 6.34171e-21 -1.28634e-05 -6.34171e-21 1.28634e-05 3.29184e-20 2.87634e-05
-3.29184e-20 -2.8903e-05 1.883e-20 -1.29258e-05 -1.883e-20 1.29258e-05 3.29184e-20 2.8903e-05
-2.29277e-20 -2.90426e-05 -8.64424e-21 -1.29883e-05 8.64424e-21 1.29883e-05 2.29277e-20 2.90426e-05
-2.29277e-20 -2.91822e-05 1.883e-20 -1.30507e-05 -1.883e-20 1.30507e-05 2.29277e-20 2.91822e-05
-5.7895e-20 -2.93219e-05 3.84405e-21 -1.31131e-05 -3.84405e-21 1.31131e-05 5.7895e-20 2.93219e-05
-7.28809e-20 -2.94615e-05 3.84405e-21 -1.31756e-05 -3.84405e-21 1.31756e-05 7.28809e-20 2.94615e-05
-4.79043e-20 -2.96011e-05 1.1337e-20 -1.3238e-05 -1.1337e-20 1.3238e-05 4.79043e-20 2.96011e-05
-1.29371e-20 -2.97408e-05 6.34171e-21 -1.33005e-05 -6.34171e-21 1.33005e-05 1.29371e-20 2.97408e-05
-5.28996e-20 -2.98804e-05 2.13277e-20 -1.33629e-05 -2.13277e-20 1.33629e-05 5.28996e-20 2.98804e-05
-7.94178e-21 -3.002e-05 1.34639e-21 -1.34254e-05 -1.34639e-21 1.34254e-05 7.94178e-21 3.002e-05
-2.79231e-20 -3.01596e-05 1.1337e-20 -1.34878e-05 -1.1337e-20 1.34878e-05 2.79231e-20 3.01596e-05
-2.29277e-20 -3.02993e-05 3.84405e-21 -1.35502e-05 -3.84405e-21 1.35502e-05 2.29277e-20 3.02993e-05
-2.79231e-20 -3.04389e-05 6.34171e-21 -1.36127e-05 -6.34171e-21 1.36127e-05 2.79231e-20 3.04389e-05
-2.79231e-20 -3.05785e-05 1.1337e-20 -1.36751e-05 -1.1337e-20 1.36751e-05 2.79231e-20 3.05785e-05
-7.94178e-21 -3.07181e-05 1.1337e-20 -1.37376e-05 -1.1337e-20 1.37376e-05 7.94178e-21 3.07181e-05
-4.79043e-20 -3.08578e-05 1.1337e-20 -1.38e-05 -1.1337e-20 1.38e-05 4.79043e-20 3.08578e-05
-3.29184e-20 -3.09974e-05 1.38347e-20 -1.38625e-05 -1.38347e-20 1.38625e-05 3.29184e-20 3.09974e-05
-1.79324e-20 -3.1137e-05 -1.86349e-20 -1.39249e-05 1.86349e-20 1.39249e-05 1.79324e-20 3.1137e-05
-3.29184e-20 -3.12767e-05 -8.64424e-21 -1.39873e-05 8.64424e-21 1.39873e-05 3.29184e-20 3.12767e-05
-2.94646e-21 -3.14163e-05 -6.14658e-21 -1.40498e-05 6.14658e-21 1.40498e-05 2.94646e-21 3.14163e-05
-5.7895e-20 -3.15559e-05 3.84405e-21 -1.41122e-05 -3.84405e-21 1.41122e-05 5.7895e-20 3.15559e-05
-6.78856e-20 -3.16955e-05 8.83937e-21 -1.41747e-05 -8.83937e-21 1.41747e-05 6.78856e-20 3.16955e-05
-4.79043e-20 -3.18352e-05 -1.15126e-21 -1.42371e-05 1.15126e-21 1.42371e-05 4.79043e-20 3.18352e-05
-2.94646e-21 -3.19748e-05 -3.64892e-21 -1.42996e-05 3.64892e-21 1.42996e-05 2.94646e-21 3.19748e-05
-6.28903e-20 -3.21144e-05 -8.64424e-21 -1.4362e-05 8.64424e-21 1.4362e-05 6.28903e-20 3.21144e-05
-4.79043e-20 -3.22541e-05 -8.64424e-21 -1.44245e-05 8.64424e-21 1.44245e-05 4.79043e-20 3.22541e-05
-3.29184e-20 -3.23937e-05 -1.36396e-20 -1.44869e-05 1.36396e-20 1.44869e-05 3.29184e-20 3.23937e-05
-1.29371e-20 -3.25333e-05 -3.64892e-21 -1.45493e-05 3.64892e-21 1.45493e-05 1.29371e-20 3.25333e-05
-6.28903e-20 -3.26729e-05 -1.15126e-21 -1.46118e-05 1.15126e-21 1.46118e-05 6.28903e-20 3.26729e-05
-2.79231e-20 -3.28126e-05 -1.11419e-20 -1.46742e-05 1.11419e-20 1.46742e-05 2.79231e-20 3.28126e-05
-2.79231e-20 -3.29522e-05 -1.15126e-21 -1.47367e-05 1.15126e-21 1.47367e-05 2.79231e-20 3.29522e-05
-1.29371e-20 -3.30918e-05 -1.15126e-21 -1.47991e-05 1.15126e-21 1.47991e-05 1.29371e-20 3.30918e-05
-1.29371e-20 -3.32315e-05 -3.64892e-21 -1.48616e-05 3.64892e-21 1.48616e-05 1.29371e-20 3.32315e-05
-6.28903e-20 -3.33711e-05 -8.64424e-21 -1.4924e-05 8.64424e-21 1.4924e-05 6.28903e-20 3.33711e-05
-6.78856e-20 -3.35107e-05 -2.11325e-20 -1.49864e-05 2.11325e-20 1.49864e-05 6.78856e-20 3.35107e-05
-4.2909e-20 -3.36503e-05 1.34639e-21 -1.50489e-05 -1.34639e-21 1.50489e-05 4.2909e-20 3.36503e-05
-5.28996e-20 -3.379e-05 1.34639e-21 -1.51113e-05 -1.34639e-21 1.51113e-05 5.28996e-20 3.379e-05
-3.79137e-20 -3.39296e-05 6.34171e-21 -1.51738e-05 -6.34171e-21 1.51738e-05 3.79137e-20 3.39296e-05
-1.29371e-20 -3.40692e-05 8.83937e-21 -1.52362e-05 -8.83937e-21 1.52362e-05 1.29371e-20 3.40692e-05
-4.79043e-20 -3.42088e-05 3.84405e-21 -1.52987e-05 -3.84405e-21 1.52987e-05 4.79043e-20 3.42088e-05
-4.2909e-20 -3.43485e-05 -8.64424e-21 -1.53611e-05 8.64424e-21 1.53611e-05 4.2909e-20 3.43485e-05
-2.94646e-21 -3.44881e-05 -8.64424e-21 -1.54235e-05 8.64424e-21 1.54235e-05 2.94646e-21 3.44881e-05
-3.29184e-20 -3.46277e-05 -1.11419e-20 -1.5486e-05 1.11419e-20 1.5486e-05 3.29184e-20 3.46277e-05
-3.29184e-20 -3.47674e-05 -8.64424e-21 -1.55484e-05 8.64424e-21 1.55484e-05 3.29184e-20 3.47674e-05
-4.79043e-20 -3.4907e-05 -2.11325e-20 -1.56109e-05 2.11325e-20 1.56109e-05 4.79043e-20 3.4907e-05
-2.94646e-21 -3.50466e-05 -1.86349e-20 -1.56733e-05 1.86349e-20 1.56733e-05 2.94646e-21 3.50466e-05
-2.94646e-21 -3.51862e-05 1.34639e-21 -1.57358e-05 -1.34639e-21 1.57358e-05 2.94646e-21 3.51862e-05
-2.29277e-20 -3.53259e-05 -1.11419e-20 -1.57982e-05 1.11419e-20 1.57982e-05 2.29277e-20 3.53259e-05
-6.28903e-20 -3.54655e-05 -1.86349e-20 -1.58607e-05 1.86349e-20 1.58607e-05 6.28903e-20 3.54655e-05
-2.79231e-20 -3.56051e-05 -8.64424e-21 -1.59231e-05 8.64424e-21 1.59231e-05 2.79231e-20 3.56051e-05
-5.28996e-20 -3.57448e-05 -2.36302e-20 -1.59855e-05 2.36302e-20 1.59855e-05 5.28996e-20 3.57448e-05
-5.28996e-20 -3.58844e-05 -1.36396e-20 -1.6048e-05 1.36396e-20 1.6048e-05 5.28996e-20 3.58844e-05
-4.2909e-20 -3.6024e-05 3.84405e-21 -1.61104e-05 -3.84405e-21 1.61104e-05 4.2909e-20 3.6024e-05
-4.2909e-20 -3.61636e-05 -8.64424e-21 -1.61729e-05 8.64424e-21 1.61729e-05 4.2909e-20 3.61636e-05
-6.78856e-20 -3.63033e-05 -1.61372e-20 -1.62353e-05 1.61372e-20 1.62353e-05 6.78856e-20 3.63033e-05
-5.7895e-20 -3.64429e-05 -1.61372e-20 -1.62978e-05 1.61372e-20 1.62978e-05 5.7895e-20 3.64429e-05
-8.28716e-20 -3.65825e-05 1.34639e-21 -1.63602e-05 -1.34639e-21 1.63602e-05 8.28716e-20 3.65825e-05
-1.29371e-20 -3.67221e-05 8.83937e-21 -1.64226e-05 -8.83937e-21 1.64226e-05 1.29371e-20 3.67221e-05
-3.29184e-20 -3.68618e-05 -3.64892e-21 -1.64851e-05 3.64892e-21 1.64851e-05 3.29184e-20 3.68618e-05
-4.2909e-20 -3.70014e-05 -3.64892e-21 -1.65475e-05 3.64892e-21 1.65475e-05 4.2909e-20 3.70014e-05
-5.7895e-20 -3.7141e-05 3.84405e-21 -1.661e-05 -3.84405e-21 1.661e-05 5.7895e-20 3.7141e-05
-3.29184e-20 -3.72807e-05 -1.11419e-20 -1.66724e-05 1.11419e-20 1.66724e-05 3.29184e-20 3.72807e-05
-2.79231e-20 -3.74203e-05 -1.11419e-20 -1.67349e-05 1.11419e-20 1.67349e-05 2.79231e-20 3.74203e-05
-2.94646e-21 -3.75599e-05 -1.36396e-20 -1.67973e-05 1.36396e-20 1.67973e-05 2.94646e-21 3.75599e-05
-5.7895e-20 -3.76995e-05 -1.15126e-21 -1.68597e-05 1.15126e-21 1.68597e-05 5.7895e-20 3.76995e-05
-5.7895e-20 -3.78392e-05 -8.64424e-21 -1.69222e-05 8.64424e-21 1.69222e-05 5.7895e-20 3.78392e-05
-3.79137e-20 -3.79788e-05 -2.61279e-20 -1.69846e-05 2.61279e-20 1.69846e-05 3.79137e-20 3.79788e-05
-5.7895e-20 -3.81184e-05 -1.11419e-20 -1.70471e-05 1.11419e-20 1.70471e-05 5.7895e-20 3.81184e-05
-3.29184e-20 -3.82581e-05 -2.86255e-20 -1.71095e-05 2.86255e-20 1.71095e-05 3.29184e-20 3.82581e-05
-4.79043e-20 -3.83977e-05 -1.11419e-20 -1.7172e-05 1.11419e-20 1.7172e-05 4.79043e-20 3.83977e-05
-6.28903e-20 -3.85373e-05 -2.36302e-20 -1.72344e-05 2.36302e-20 1.72344e-05 6.28903e-20 3.85373e-05
-3.79137e-20 -3.86769e-05 -1.86349e-20 -1.72969e-05 1.86349e-20 1.72969e-05 3.79137e-20 3.86769e-05
-5.28996e-20 -3.88166e-05 -1.15126e-21 -1.73593e-05 1.15126e-21 1.73593e-05 5.28996e-20 3.88166e-05
-5.28996e-20 -3.89562e-05 -2.11325e-20 -1.74217e-05 2.11325e-20 1.74217e-05 5.28996e-20 3.89562e-05
-4.2909e-20 -3.90958e-05 -8.64424e-21 -1.74842e-05 8.64424e-21 1.74842e-05 4.2909e-20 3.90958e-05
-2.79231e-20 -3.92355e-05 -1.61372e-20 -1.75466e-05 1.61372e-20 1.75466e-05 2.79231e-20 3.92355e-05
7.04418e-21 -3.93751e-05 -6.14658e-21 -1.76091e-05 6.14658e-21 1.76091e-05 -7.04418e-21 3.93751e-05
-3.29184e-20 -3.95147e-05 1.34639e-21 -1.76715e-05 -1.34639e-21 1.76715e-05 3.29184e-20 3.95147e-05
-3.29184e-20 -3.96543e-05 -3.64892e-21 -1.7734e-05 3.64892e-21 1.7734e-05 3.29184e-20 3.96543e-05
-5.28996e-20 -3.9794e-05 -2.36302e-20 -1.77964e-05 2.36302e-20 1.77964e-05 5.28996e-20 3.9794e-05
-9.28622e-20 -3.99336e-05 -2.36302e-20 -1.78588e-05 2.36302e-20 1.78588e-05 9.28622e-20 3.99336e-05
-1.79324e-20 -4.00732e-05 -8.64424e-21 -1.79213e-05 8.64424e-21 1.79213e-05 1.79324e-20 4.00732e-05
-1.22834e-19 -4.02128e-05 -2.86255e-20 -1.79837e-05 2.86255e-20 1.79837e-05 1.22834e-19 4.02128e-05
-1.07848e-19 -4.03525e-05 -2.61279e-20 -1.80462e-05 2.61279e-20 1.80462e-05 1.07848e-19 4.03525e-05
-7.28809e-20 -4.04921e-05 -3.64892e-21 -1.81086e-05 3.64892e-21 1.81086e-05 7.28809e-20 4.04921e-05
-6.28903e-20 -4.06317e-05 -8.64424e-21 -1.81711e-05 8.64424e-21 1.81711e-05 6.28903e-20 4.06317e-05
-7.28809e-20 -4.07714e-05 -2.36302e-20 -1.82335e-05 2.36302e-20 1.82335e-05 7.28809e-20 4.07714e-05
-2.79231e-20 -4.0911e-05 -1.61372e-20 -1.82959e-05 1.61372e-20 1.82959e-05 2.79231e-20 4.0911e-05
-6.78856e-20 -4.10506e-05 -1.15126e-21 -1.83584e-05 1.15126e-21 1.83584e-05 6.78856e-20 4.10506e-05
-9.78575e-20 -4.11902e-05 -2.36302e-20 -1.84208e-05 2.36302e-20 1.84208e-05 9.78575e-20 4.11902e-05
-6.28903e-20 -4.13299e-05 -1.36396e-20 -1.84833e-05 1.36396e-20 1.84833e-05 6.28903e-20 4.13299e-05
-5.7895e-20 -4.14695e-05 -6.14658e-21 -1.85457e-05 6.14658e-21 1.85457e-05 5.7895e-20 4.14695e-05
-6.78856e-20 -4.16091e-05 -1.61372e-20 -1.86082e-05 1.61372e-20 1.86082e-05 6.78856e-20 4.16091e-05
-2.29277e-20 -4.17488e-05 1.34639e-21 -1.86706e-05 -1.34639e-21 1.86706e-05 2.29277e-20 4.17488e-05
-9.28622e-20 -4.18884e-05 -1.86349e-20 -1.87331e-05 1.86349e-20 1.87331e-05 9.28622e-20 4.18884e-05
-5.7895e-20 -4.2028e-05 -1.15126e-21 -1.87955e-05 1.15126e-21 1.87955e-05 5.7895e-20 4.2028e-05
1.70348e-20 -4.21676e-05 -1.11419e-20 -1.88579e-05 1.11419e-20 1.88579e-05 -1.70348e-20 4.21676e-05
2.04886e-21 -4.23073e-05 -4.11138e-20 -1.89204e-05 4.11138e-20 1.89204e-05 -2.04886e-21 4.23073e-05
-6.28903e-20 -4.24469e-05 -1.11419e-20 -1.89828e-05 1.11419e-20 1.89828e-05 6.28903e-20 4.24469e-05
7.04418e-21 -4.25865e-05 -3.64892e-21 -1.90453e-05 3.64892e-21 1.90453e-05 -7.04418e-21 4.25865e-05
-7.28809e-20 -4.27262e-05 -2.86255e-20 -1.91077e-05 2.86255e-20 1.91077e-05 7.28809e-20 4.27262e-05
-3.79137e-20 -4.28658e-05 -2.86255e-20 -1.91702e-05 2.86255e-20 1.91702e-05 3.79137e-20 4.28658e-05
-5.7895e-20 -4.30054e-05 -3.11232e-20 -1.92326e-05 3.11232e-20 1.92326e-05 5.7895e-20 4.30054e-05
1.70348e-20 -4.3145e-05 -2.11325e-20 -1.9295e-05 2.11325e-20 1.9295e-05 -1.70348e-20 4.3145e-05
-2.94646e-21 -4.32847e-05 -8.64424e-21 -1.93575e-05 8.64424e-21 1.93575e-05 2.94646e-21 4.32847e-05
-4.79043e-20 -4.34243e-05 -1.36396e-20 -1.94199e-05 1.36396e-20 1.94199e-05 4.79043e-20 4.34243e-05
-8.78669e-20 -4.35639e-05 -1.15126e-21 -1.94824e-05 1.15126e-21 1.94824e-05 8.78669e-20 4.35639e-05
-7.28809e-20 -4.37035e-05 -1.61372e-20 -1.95448e-05 1.61372e-20 1.95448e-05 7.28809e-20 4.37035e-05
2.70255e-20 -4.38432e-05 -2.11325e-20 -1.96073e-05 2.11325e-20 1.96073e-05 -2.70255e-20 4.38432e-05
-1.29371e-20 -4.39828e-05 -8.64424e-21 -1.96697e-05 8.64424e-21 1.96697e-05 1.29371e-20 4.39828e-05
-8.28716e-20 -4.41224e-05 -3.86162e-20 -1.97322e-05 3.86162e-20 1.97322e-05 8.28716e-20 4.41224e-05
-3.29184e-20 -4.42621e-05 -4.11138e-20 -1.97946e-05 4.11138e-20 1.97946e-05 3.29184e-20 4.42621e-05
-6.28903e-20 -4.44017e-05 -1.11419e-20 -1.9857e-05 1.11419e-20 1.9857e-05 6.28903e-20 4.44017e-05
-5.7895e-20 -4.45413e-05 -4.86068e-20 -1.99195e-05 4.86068e-20 1.99195e-05 5.7895e-20 4.45413e-05
-1.79324e-20 -4.46809e-05 -3.11232e-20 -1.99819e-05 3.11232e-20 1.99819e-05 1.79324e-20 4.46809e-05
-7.28809e-20 -4.48206e-05 -3.86162e-20 -2.00444e-05 3.86162e-20 2.00444e-05 7.28809e-20 4.48206e-05
-1.29371e-20 -4.49602e-05 -2.36302e-20 -2.01068e-05 2.36302e-20 2.01068e-05 1.29371e-20 4.49602e-05
-6.28903e-20 -4.50998e-05 -2.11325e-20 -2.01693e-05 2.11325e-20 2.01693e-05 6.28903e-20 4.50998e-05
-5.28996e-20 -4.52395e-05 -3.61185e-20 -2.02317e-05 3.61185e-20 2.02317e-05 5.28996e-20 4.52395e-05
-1.32825e-19 -4.53791e-05 -1.11419e-20 -2.02941e-05 1.11419e-20 2.02941e-05 1.32825e-19 4.53791e-05
-1.17839e-19 -4.55187e-05 -1.11419e-20 -2.03566e-05 1.11419e-20 2.03566e-05 1.17839e-19 4.55187e-05
-9.78575e-20 -4.56583e-05 -3.36208e-20 -2.0419e-05 3.36208e-20 2.0419e-05 9.78575e-20 4.56583e-05
-5.28996e-20 -4.5798e-05 1.1337e-20 -2.04815e-05 -1.1337e-20 2.04815e-05 5.28996e-20 4.5798e-05
-1.02853e-19 -4.59376e-05 1.1337e-20 -2.05439e-05 -1.1337e-20 2.05439e-05 1.02853e-19 4.59376e-05
-1.17839e-19 -4.60772e-05 -1.11419e-20 -2.06064e-05 1.11419e-20 2.06064e-05 1.17839e-19 4.60772e-05
-4.79043e-20 -4.62168e-05 -3.11232e-20 -2.06688e-05 3.11232e-20 2.06688e-05 4.79043e-20 4.62168e-05
-1.27829e-19 -4.63565e-05 -2.11325e-20 -2.07312e-05 2.11325e-20 2.07312e-05 1.27829e-19 4.63565e-05
-1.27829e-19 -4.64961e-05 -3.61185e-20 -2.07937e-05 3.61185e-20 2.07937e-05 1.27829e-19 4.64961e-05
-5.7895e-20 -4.66357e-05 3.84405e-21 -2.08561e-05 -3.84405e-21 2.08561e-05 5.7895e-20 4.66357e-05
-2.79231e-20 -4.67754e-05 -2.36302e-20 -2.09186e-05 2.36302e-20 2.09186e-05 2.79231e-20 4.67754e-05
-1.07848e-19 -4.6915e-05 -1.36396e-20 -2.0981e-05 1.36396e-20 2.0981e-05 1.07848e-19 4.6915e-05
-5.7895e-20 -4.70546e-05 1.34639e-21 -2.10435e-05 -1.34639e-21 2.10435e-05 5.7895e-20 4.70546e-05
-4.79043e-20 -4.71942e-05 1.38347e-20 -2.11059e-05 -1.38347e-20 2.11059e-05 4.79043e-20 4.71942e-05
-1.27829e-19 -4.73339e-05 -3.64892e-21 -2.11684e-05 3.64892e-21 2.11684e-05 1.27829e-19 4.73339e-05
-5.7895e-20 -4.74735e-05 -1.15126e-21 -2.12308e-05 1.15126e-21 2.12308e-05 5.7895e-20 4.74735e-05
-1.17839e-19 -4.76131e-05 6.34171e-21 -2.12932e-05 -6.34171e-21 2.12932e-05 1.17839e-19 4.76131e-05
-5.7895e-20 -4.77528e-05 -1.15126e-21 -2.13557e-05 1.15126e-21 2.13557e-05 5.7895e-20 4.77528e-05
-2.79231e-20 -4.78924e-05 1.34639e-21 -2.14181e-05 -1.34639e-21 2.14181e-05 2.79231e-20 4.78924e-05
-1.67792e-19 -4.8032e-05 -3.64892e-21 -2.14806e-05 3.64892e-21 2.14806e-05 1.67792e-19 4.8032e-05
-6.78856e-20 -4.81716e-05 -6.14658e-21 -2.1543e-05 6.14658e-21 2.1543e-05 6.78856e-20 4.81716e-05
-6.78856e-20 -4.83113e-05 -1.15126e-21 -2.16055e-05 1.15126e-21 2.16055e-05 6.78856e-20 4.83113e-05
-1.27829e-19 -4.84509e-05 -1.86349e-20 -2.16679e-05 1.86349e-20 2.16679e-05 1.27829e-19 4.84509e-05
-1.17839e-19 -4.85905e-05 1.34639e-21 -2.17303e-05 -1.34639e-21 2.17303e-05 1.17839e-19 4.85905e-05
-1.27829e-19 -4.87302e-05 1.1337e-20 -2.17928e-05 -1.1337e-20 2.17928e-05 1.27829e-19 4.87302e-05
-1.67792e-19 -4.88698e-05 1.883e-20 -2.18552e-05 -1.883e-20 2.18552e-05 1.67792e-19 4.88698e-05
-1.17839e-19 -4.90094e-05 -1.15126e-21 -2.19177e-05 1.15126e-21 2.19177e-05 1.17839e-19 4.90094e-05
-1.3782e-19 -4.9149e-05 -6.14658e-21 -2.19801e-05 6.14658e-21 2.19801e-05 1.3782e-19 4.9149e-05
-1.77783e-19 -4.92887e-05 -1.86349e-20 -2.20426e-05 1.86349e-20 2.20426e-05 1.77783e-19 4.92887e-05
-9.78575e-20 -4.94283e-05 -3.86162e-20 -2.2105e-05 3.86162e-20 2.2105e-05 9.78575e-20 4.94283e-05
-8.78669e-20 -4.95679e-05 2.13277e-20 -2.21674e-05 -2.13277e-20 2.21674e-05 8.78669e-20 4.95679e-05
-9.78575e-20 -4.97075e-05 -1.15126e-21 -2.22299e-05 1.15126e-21 2.22299e-05 9.78575e-20 4.97075e-05
-3.79137e-20 -4.98472e-05 -1.36396e-20 -2.22923e-05 1.36396e-20 2.22923e-05 3.79137e-20 4.98472e-05
-1.57801e-19 -4.99868e-05 -2.36302e-20 -2.23548e-05 2.36302e-20 2.23548e-05 1.57801e-19 4.99868e-05
-1.47811e-19 -5.01264e-05 -2.36302e-20 -2.24172e-05 2.36302e-20 2.24172e-05 1.47811e-19 5.01264e-05
-1.07848e-19 -5.02661e-05 -3.36208e-20 -2.24797e-05 3.36208e-20 2.24797e-05 1.07848e-19 5.02661e-05
-8.78669e-20 -5.04057e-05 3.84405e-21 -2.25421e-05 -3.84405e-21 2.25421e-05 8.78669e-20 5.04057e-05
-1.07848e-19 -5.05453e-05 1.883e-20 -2.26046e-05 -1.883e-20 2.26046e-05 1.07848e-19 5.05453e-05
-1.57801e-19 -5.06849e-05 6.34171e-21 -2.2667e-05 -6.34171e-21 2.2667e-05 1.57801e-19 5.06849e-05
-1.17839e-19 -5.08246e-05 1.1337e-20 -2.27294e-05 -1.1337e-20 2.27294e-05 1.17839e-19 5.08246e-05
-1.47811e-19 -5.09642e-05 1.34639e-21 -2.27919e-05 -1.34639e-21 2.27919e-05 1.47811e-19 5.09642e-05
-1.67792e-19 -5.11038e-05 3.84405e-21 -2.28543e-05 -3.84405e-21 2.28543e-05 1.67792e-19 5.11038e-05
-4.79043e-20 -5.12435e-05 -6.14658e-21 -2.29168e-05 6.14658e-21 2.29168e-05 4.79043e-20 5.12435e-05
-1.3782e-19 -5.13831e-05 -1.86349e-20 -2.29792e-05 1.86349e-20 2.29792e-05 1.3782e-19 5.13831e-05
-1.27829e-19 -5.15227e-05 -1.36396e-20 -2.30417e-05 1.36396e-20 2.30417e-05 1.27829e-19 5.15227e-05
-6.78856e-20 -5.16623e-05 -1.15126e-21 -2.31041e-05 1.15126e-21 2.31041e-05 6.78856e-20 5.16623e-05
-8.78669e-20 -5.1802e-05 -6.14658e-21 -2.31665e-05 6.14658e-21 2.31665e-05 8.78669e-20 5.1802e-05
-1.17839e-19 -5.19416e-05 -2.11325e-20 -2.3229e-05 2.11325e-20 2.3229e-05 1.17839e-19 5.19416e-05
-1.57801e-19 -5.20812e-05 -3.11232e-20 -2.32914e-05 3.11232e-20 2.32914e-05 1.57801e-19 5.20812e-05
-1.27829e-19 -5.22209e-05 1.883e-20 -2.33539e-05 -1.883e-20 2.33539e-05 1.27829e-19 5.22209e-05
-1.07848e-19 -5.23605e-05 3.84405e-21 -2.34163e-05 -3.84405e-21 2.34163e-05 1.07848e-19 5.23605e-05
-1.57801e-19 -5.25001e-05 1.38347e-20 -2.34788e-05 -1.38347e-20 2.34788e-05 1.57801e-19 5.25001e-05
-1.57801e-19 -5.26397e-05 -2.11325e-20 -2.35412e-05 2.11325e-20 2.35412e-05 1.57801e-19 5.26397e-05
-1.67792e-19 -5.27794e-05 -3.11232e-20 -2.36036e-05 3.11232e-20 2.36036e-05 1.67792e-19 5.27794e-05
-5.7895e-20 -5.2919e-05 1.38347e-20 -2.36661e-05 -1.38347e-20 2.36661e-05 5.7895e-20 5.2919e-05
-7.78762e-20 -5.30586e-05 8.83937e-21 -2.37285e-05 -8.83937e-21 2.37285e-05 7.78762e-20 5.30586e-05
-7.78762e-20 -5.31982e-05 -1.61372e-20 -2.3791e-05 1.61372e-20 2.3791e-05 7.78762e-20 5.31982e-05
-1.17839e-19 -5.33379e-05 -3.61185e-20 -2.38534e-05 3.61185e-20 2.38534e-05 1.17839e-19 5.33379e-05
-7.78762e-20 -5.34775e-05 -2.11325e-20 -2.39159e-05 2.11325e-20 2.39159e-05 7.78762e-20 5.34775e-05
-1.79324e-20 -5.36171e-05 -5.60998e-20 -2.39783e-05 5.60998e-20 2.39783e-05 1.79324e-20 5.36171e-05
-1.17839e-19 -5.37568e-05 -1.11419e-20 -2.40408e-05 1.11419e-20 2.40408e-05 1.17839e-19 5.37568e-05
-1.27829e-19 -5.38964e-05 -2.61279e-20 -2.41032e-05 2.61279e-20 2.41032e-05 1.27829e-19 5.38964e-05
-7.78762e-20 -5.4036e-05 -4.11138e-20 -2.41656e-05 4.11138e-20 2.41656e-05 7.78762e-20 5.4036e-05
-1.47811e-19 -5.41756e-05 1.38347e-20 -2.42281e-05 -1.38347e-20 2.42281e-05 1.47811e-19 5.41756e-05
-1.27829e-19 -5.43153e-05 -2.11325e-20 -2.42905e-05 2.11325e-20 2.42905e-05 1.27829e-19 5.43153e-05
-1.27829e-19 -5.44549e-05 1.883e-20 -2.4353e-05 -1.883e-20 2.4353e-05 1.27829e-19 5.44549e-05
-1.87773e-19 -5.45945e-05 3.84405e-21 -2.44154e-05 -3.84405e-21 2.44154e-05 1.87773e-19 5.45945e-05
-9.78575e-20 -5.47342e-05 -1.11419e-20 -2.44779e-05 1.11419e-20 2.44779e-05 9.78575e-20 5.47342e-05
-1.17839e-19 -5.48738e-05 -3.11232e-20 -2.45403e-05 3.11232e-20 2.45403e-05 1.17839e-19 5.48738e-05
-1.27829e-19 -5.50134e-05 1.883e-20 -2.46027e-05 -1.883e-20 2.46027e-05 1.27829e-19 5.50134e-05
-1.3782e-19 -5.5153e-05 2.88206e-20 -2.46652e-05 -2.88206e-20 2.46652e-05 1.3782e-19 5.5153e-05
-1.3782e-19 -5.52927e-05 -4.61091e-20 -2.47276e-05 4.61091e-20 2.47276e-05 1.3782e-19 5.52927e-05
-1.67792e-19 -5.54323e-05 2.38253e-20 -2.47901e-05 -2.38253e-20 2.47901e-05 1.67792e-19 5.54323e-05
-9.78575e-20 -5.55719e-05 8.83937e-21 -2.48525e-05 -8.83937e-21 2.48525e-05 9.78575e-20 5.55719e-05
-1.07848e-19 -5.57115e-05 -1.15126e-21 -2.4915e-05 1.15126e-21 2.4915e-05 1.07848e-19 5.57115e-05
-1.27829e-19 -5.58512e-05 8.83937e-21 -2.49774e-05 -8.83937e-21 2.49774e-05 1.27829e-19 5.58512e-05
-1.27829e-19 -5.59908e-05 3.3816e-20 -2.50398e-05 -3.3816e-20 2.50398e-05 1.27829e-19 5.59908e-05
-1.17839e-19 -5.61304e-05 -6.14658e-21 -2.51023e-05 6.14658e-21 2.51023e-05 1.17839e-19 5.61304e-05
-1.47811e-19 -5.62701e-05 -2.61279e-20 -2.51647e-05 2.61279e-20 2.51647e-05 1.47811e-19 5.62701e-05
-1.47811e-19 -5.64097e-05 8.83937e-21 -2.52272e-05 -8.83937e-21 2.52272e-05 1.47811e-19 5.64097e-05
-1.77783e-19 -5.65493e-05 8.83937e-21 -2.52896e-05 -8.83937e-21 2.52896e-05 1.77783e-19 5.65493e-05
-8.78669e-20 -5.66889e-05 8.83937e-21 -2.53521e-05 -8.83937e-21 2.53521e-05 8.78669e-20 5.66889e-05
-6.78856e-20 -5.68286e-05 2.38253e-20 -2.54145e-05 -2.38253e-20 2.54145e-05 6.78856e-20 5.68286e-05
-1.07848e-19 -5.69682e-05 2.88206e-20 -2.5477e-05 -2.88206e-20 2.5477e-05 1.07848e-19 5.69682e-05
-1.3782e-19 -5.71078e-05 8.83937e-21 -2.55394e-05 -8.83937e-21 2.55394e-05 1.3782e-19 5.71078e-05
-1.47811e-19 -5.72475e-05 -1.61372e-20 -2.56018e-05 1.61372e-20 2.56018e-05 1.47811e-19 5.72475e-05
-1.17839e-19 -5.73871e-05 3.84405e-21 -2.56643e-05 -3.84405e-21 2.56643e-05 1.17839e-19 5.73871e-05
-1.67792e-19 -5.75267e-05 2.88206e-20 -2.57267e-05 -2.88206e-20 2.57267e-05 1.67792e-19 5.75267e-05
-9.78575e-20 -5.76663e-05 -1.15126e-21 -2.57892e-05 1.15126e-21 2.57892e-05 9.78575e-20 5.76663e-05
-1.57801e-19 -5.7806e-05 -1.15126e-21 -2.58516e-05 1.15126e-21 2.58516e-05 1.57801e-19 5.7806e-05
-2.27736e-19 -5.79456e-05 -1.15126e-21 -2.59141e-05 1.15126e-21 2.59141e-05 2.27736e-19 5.79456e-05
-9.78575e-20 -5.80852e-05 -6.14658e-21 -2.59765e-05 6.14658e-21 2.59765e-05 9.78575e-20 5.80852e-05
-1.17839e-19 -5.82249e-05 -1.11419e-20 -2.60389e-05 1.11419e-20 2.60389e-05 1.17839e-19 5.82249e-05
-1.3782e-19 -5.83645e-05 -1.61372e-20 -2.61014e-05 1.61372e-20 2.61014e-05 1.3782e-19 5.83645e-05
-9.78575e-20 -5.85041e-05 -1.61372e-20 -2.61638e-05 1.61372e-20 2.61638e-05 9.78575e-20 5.85041e-05
-1.3782e-19 -5.86437e-05 -2.61279e-20 -2.62263e-05 2.61279e-20 2.62263e-05 1.3782e-19 5.86437e-05
-1.67792e-19 -5.87834e-05 -5.60998e-20 -2.62887e-05 5.60998e-20 2.62887e-05 1.67792e-19 5.87834e-05
-6.78856e-20 -5.8923e-05 -6.14658e-21 -2.63512e-05 6.14658e-21 2.63512e-05 6.78856e-20 5.8923e-05
-1.27829e-19 -5.90626e-05 -2.11325e-20 -2.64136e-05 2.11325e-20 2.64136e-05 1.27829e-19 5.90626e-05
-1.27829e-19 -5.92022e-05 -3.11232e-20 -2.64761e-05 3.11232e-20 2.64761e-05 1.27829e-19 5.92022e-05
-1.17839e-19 -5.93419e-05 3.84405e-21 -2.65385e-05 -3.84405e-21 2.65385e-05 1.17839e-19 5.93419e-05
-8.78669e-20 -5.94815e-05 -1.11419e-20 -2.66009e-05 1.11419e-20 2.66009e-05 8.78669e-20 5.94815e-05
-1.57801e-19 -5.96211e-05 -3.61185e-20 -2.66634e-05 3.61185e-20 2.66634e-05 1.57801e-19 5.96211e-05
-1.67792e-19 -5.97608e-05 -6.14658e-21 -2.67258e-05 6.14658e-21 2.67258e-05 1.67792e-19 5.97608e-05
-4.79043e-20 -5.99004e-05 3.84405e-21 -2.67883e-05 -3.84405e-21 2.67883e-05 4.79043e-20 5.99004e-05
-1.77783e-19 -6.004e-05 2.38253e-20 -2.68507e-05 -2.38253e-20 2.68507e-05 1.77783e-19 6.004e-05
-8.78669e-20 -6.01796e-05 -3.11232e-20 -2.69132e-05 3.11232e-20 2.69132e-05 8.78669e-20 6.01796e-05
-1.3782e-19 -6.03193e-05 1.38347e-20 -2.69756e-05 -1.38347e-20 2.69756e-05 1.3782e-19 6.03193e-05
-1.17839e-19 -6.04589e-05 -6.14658e-21 -2.7038e-05 6.14658e-21 2.7038e-05 1.17839e-19 6.04589e-05
-8.78669e-20 -6.05985e-05 -1.11419e-20 -2.71005e-05 1.11419e-20 2.71005e-05 8.78669e-20 6.05985e-05
-8.78669e-20 -6.07382e-05 -2.11325e-20 -2.71629e-05 2.11325e-20 2.71629e-05 8.78669e-20 6.07382e-05
-1.27829e-19 -6.08778e-05 -3.61185e-20 -2.72254e-05 3.61185e-20 2.72254e-05 1.27829e-19 6.08778e-05
-1.17839e-19 -6.10174e-05 -6.14658e-21 -2.72878e-05 6.14658e-21 2.72878e-05 1.17839e-19 6.10174e-05
-1.3782e-19 -6.1157e-05 -6.14658e-21 -2.73503e-05 6.14658e-21 2.73503e-05 1.3782e-19 6.1157e-05
-9.78575e-20 -6.12967e-05 -1.15126e-21 -2.74127e-05 1.15126e-21 2.74127e-05 9.78575e-20 6.12967e-05
-7.78762e-20 -6.14363e-05 -6.14658e-21 -2.74751e-05 6.14658e-21 2.74751e-05 7.78762e-20 6.14363e-05
-1.27829e-19 -6.15759e-05 -2.11325e-20 -2.75376e-05 2.11325e-20 2.75376e-05 1.27829e-19 6.15759e-05
-1.27829e-19 -6.17156e-05 -2.11325e-20 -2.76e-05 2.11325e-20 2.76e-05 1.27829e-19 6.17156e-05
-1.17839e-19 -6.18552e-05 3.84405e-21 -2.76625e-05 -3.84405e-21 2.76625e-05 1.17839e-19 6.18552e-05
-1.67792e-19 -6.19948e-05 8.83937e-21 -2.77249e-05 -8.83937e-21 2.77249e-05 1.67792e-19 6.19948e-05
-1.07848e-19 -6.21344e-05 -1.15126e-21 -2.77874e-05 1.15126e-21 2.77874e-05 1.07848e-19 6.21344e-05
-1.57801e-19 -6.22741e-05 3.84405e-21 -2.78498e-05 -3.84405e-21 2.78498e-05 1.57801e-19 6.22741e-05
-1.87773e-19 -6.24137e-05 1.38347e-20 -2.79123e-05 -1.38347e-20 2.79123e-05 1.87773e-19 6.24137e-05
-7.78762e-20 -6.25533e-05 3.84405e-21 -2.79747e-05 -3.84405e-21 2.79747e-05 7.78762e-20 6.25533e-05
-8.78669e-20 -6.26929e-05 -2.11325e-20 -2.80371e-05 2.11325e-20 2.80371e-05 8.78669e-20 6.26929e-05
-9.78575e-20 -6.28326e-05 -6.14658e-21 -2.80996e-05 6.14658e-21 2.80996e-05 9.78575e-20 6.28326e-05
-6.78856e-20 -6.29722e-05 -1.61372e-20 -2.8162e-05 1.61372e-20 2.8162e-05 6.78856e-20 6.29722e-05
-7.78762e-20 -6.31118e-05 -6.14658e-21 -2.82245e-05 6.14658e-21 2.82245e-05 7.78762e-20 6.31118e-05
-1.17839e-19 -6.32515e-05 1.883e-20 -2.82869e-05 -1.883e-20 2.82869e-05 1.17839e-19 6.32515e-05
-6.78856e-20 -6.33911e-05 1.883e-20 -2.83494e-05 -1.883e-20 2.83494e-05 6.78856e-20 6.33911e-05
-5.7895e-20 -6.35307e-05 1.883e-20 -2.84118e-05 -1.883e-20 2.84118e-05 5.7895e-20 6.35307e-05
-8.78669e-20 -6.36703e-05 3.84405e-21 -2.84742e-05 -3.84405e-21 2.84742e-05 8.78669e-20 6.36703e-05
-1.27829e-19 -6.381e-05 8.83937e-21 -2.85367e-05 -8.83937e-21 2.85367e-05 1.27829e-19 6.381e-05
-1.17839e-19 -6.39496e-05 8.83937e-21 -2.85991e-05 -8.83937e-21 2.85991e-05 1.17839e-19 6.39496e-05
-1.97764e-19 -6.40892e-05 8.83937e-21 -2.86616e-05 -8.83937e-21 2.86616e-05 1.97764e-19 6.40892e-05
-5.7895e-20 -6.42289e-05 -1.15126e-21 -2.8724e-05 1.15126e-21 2.8724e-05 5.7895e-20 6.42289e-05
-6.78856e-20 -6.43685e-05 -6.14658e-21 -2.87865e-05 6.14658e-21 2.87865e-05 6.78856e-20 6.43685e-05
-9.78575e-20 -6.45081e-05 -1.11419e-20 -2.88489e-05 1.11419e-20 2.88489e-05 9.78575e-20 6.45081e-05
-6.78856e-20 -6.46477e-05 -3.11232e-20 -2.89113e-05 3.11232e-20 2.89113e-05 6.78856e-20 6.46477e-05
-1.79324e-20 -6.47874e-05 8.83937e-21 -2.89738e-05 -8.83937e-21 2.89738e-05 1.79324e-20 6.47874e-05
-1.17839e-19 -6.4927e-05 -1.61372e-20 -2.90362e-05 1.61372e-20 2.90362e-05 1.17839e-19 6.4927e-05
-1.17839e-19 -6.50666e-05 -1.11419e-20 -2.90987e-05 1.11419e-20 2.90987e-05 1.17839e-19 6.50666e-05
-7.78762e-20 -6.52062e-05 -3.61185e-20 -2.91611e-05 3.61185e-20 2.91611e-05 7.78762e-20 6.52062e-05
-1.07848e-19 -6.53459e-05 -6.14658e-21 -2.92236e-05 6.14658e-21 2.92236e-05 1.07848e-19 6.53459e-05
-5.7895e-20 -6.54855e-05 -1.15126e-21 -2.9286e-05 1.15126e-21 2.9286e-05 5.7895e-20 6.54855e-05
-2.79231e-20 -6.56251e-05 -1.11419e-20 -2.93485e-05 1.11419e-20 2.93485e-05 2.79231e-20 6.56251e-05
-1.87773e-19 -6.57648e-05 -1.61372e-20 -2.94109e-05 1.61372e-20 2.94109e-05 1.87773e-19 6.57648e-05
-5.7895e-20 -6.59044e-05 -1.61372e-20 -2.94733e-05 1.61372e-20 2.94733e-05 5.7895e-20 6.59044e-05
-8.78669e-20 -6.6044e-05 -3.11232e-20 -2.95358e-05 3.11232e-20 2.95358e-05 8.78669e-20 6.6044e-05
-9.78575e-20 -6.61836e-05 -6.14658e-21 -2.95982e-05 6.14658e-21 2.95982e-05 9.78575e-20 6.61836e-05
-1.17839e-19 -6.63233e-05 -2.11325e-20 -2.96607e-05 2.11325e-20 2.96607e-05 1.17839e-19 6.63233e-05
-1.47811e-19 -6.64629e-05 -2.11325e-20 -2.97231e-05 2.11325e-20 2.97231e-05 1.47811e-19 6.64629e-05
-1.47811e-19 -6.66025e-05 -2.61279e-20 -2.97856e-05 2.61279e-20 2.97856e-05 1.47811e-19 6.66025e-05
-1.47811e-19 -6.67422e-05 -3.11232e-20 -2.9848e-05 3.11232e-20 2.9848e-05 1.47811e-19 6.67422e-05
-2.07755e-19 -6.68818e-05 1.883e-20 -2.99104e-05 -1.883e-20 2.99104e-05 2.07755e-19 6.68818e-05
-1.3782e-19 -6.70214e-05 1.883e-20 -2.99729e-05 -1.883e-20 2.99729e-05 1.3782e-19 6.70214e-05
-1.27829e-19 -6.7161e-05 2.38253e-20 -3.00353e-05 -2.38253e-20 3.00353e-05 1.27829e-19 6.7161e-05
-1.87773e-19 -6.73007e-05 1.883e-20 -3.00978e-05 -1.883e-20 3.00978e-05 1.87773e-19 6.73007e-05
-3.79137e-20 -6.74403e-05 8.83937e-21 -3.01602e-05 -8.83937e-21 3.01602e-05 3.79137e-20 6.74403e-05
-9.78575e-20 -6.75799e-05 2.38253e-20 -3.02227e-05 -2.38253e-20 3.02227e-05 9.78575e-20 6.75799e-05
-8.78669e-20 -6.77196e-05 8.83937e-21 -3.02851e-05 -8.83937e-21 3.02851e-05 8.78669e-20 6.77196e-05
-7.78762e-20 -6.78592e-05 2.38253e-20 -3.03475e-05 -2.38253e-20 3.03475e-05 7.78762e-20 6.78592e-05
-6.78856e-20 -6.79988e-05 -1.15126e-21 -3.041e-05 1.15126e-21 3.041e-05 6.78856e-20 6.79988e-05
-7.94178e-21 -6.81384e-05 -1.61372e-20 -3.04724e-05 1.61372e-20 3.04724e-05 7.94178e-21 6.81384e-05
-8.78669e-20 -6.82781e-05 -2.11325e-20 -3.05349e-05 2.11325e-20 3.05349e-05 8.78669e-20 6.82781e-05
-9.78575e-20 -6.84177e-05 -1.61372e-20 -3.05973e-05 1.61372e-20 3.05973e-05 9.78575e-20 6.84177e-05
-3.79137e-20 -6.85573e-05 -2.11325e-20 -3.06598e-05 2.11325e-20 3.06598e-05 3.79137e-20 6.85573e-05
-1.77783e-19 -6.86969e-05 -2.11325e-20 -3.07222e-05 2.11325e-20 3.07222e-05 1.77783e-19 6.86969e-05
-6.78856e-20 -6.88366e-05 -1.15126e-21 -3.07847e-05 1.15126e-21 3.07847e-05 6.78856e-20 6.88366e-05
-8.78669e-20 -6.89762e-05 -3.61185e-20 -3.08471e-05 3.61185e-20 3.08471e-05 8.78669e-20 6.89762e-05
-9.78575e-20 -6.91158e-05 1.38347e-20 -3.09095e-05 -1.38347e-20 3.09095e-05 9.78575e-20 6.91158e-05
-8.78669e-20 -6.92555e-05 -2.11325e-20 -3.0972e-05 2.11325e-20 3.0972e-05 8.78669e-20 6.92555e-05
-4.79043e-20 -6.93951e-05 3.84405e-21 -3.10344e-05 -3.84405e-21 3.10344e-05 4.79043e-20 6.93951e-05
-1.17839e-19 -6.95347e-05 -1.61372e-20 -3.10969e-05 1.61372e-20 3.10969e-05 1.17839e-19 6.95347e-05
-7.78762e-20 -6.96743e-05 -1.11419e-20 -3.11593e-05 1.11419e-20 3.11593e-05 7.78762e-20 6.96743e-05
2.20301e-20 -6.9814e-05 1.38347e-20 -3.12218e-05 -1.38347e-20 3.12218e-05 -2.20301e-20 6.9814e-05
-1.07848e-19 -6.99536e-05 8.83937e-21 -3.12842e-05 -8.83937e-21 3.12842e-05 1.07848e-19 6.99536e-05
-9.78575e-20 -7.00932e-05 8.83937e-21 -3.13466e-05 -8.83937e-21 3.13466e-05 9.78575e-20 7.00932e-05
-3.79137e-20 -7.02329e-05 -1.61372e-20 -3.14091e-05 1.61372e-20 3.14091e-05 3.79137e-20 7.02329e-05
-1.87773e-19 -7.03725e-05 -2.61279e-20 -3.14715e-05 2.61279e-20 3.14715e-05 1.87773e-19 7.03725e-05
-7.78762e-20 -7.05121e-05 -3.11232e-20 -3.1534e-05 3.11232e-20 3.1534e-05 7.78762e-20 7.05121e-05
-9.78575e-20 -7.06517e-05 -1.61372e-20 -3.15964e-05 1.61372e-20 3.15964e-05 9.78575e-20 7.06517e-05
-9.78575e-20 -7.07914e-05 -4.61091e-20 -3.16589e-05 4.61091e-20 3.16589e-05 9.78575e-20 7.07914e-05
-5.7895e-20 -7.0931e-05 1.38347e-20 -3.17213e-05 -1.38347e-20 3.17213e-05 5.7895e-20 7.0931e-05
-1.07848e-19 -7.10706e-05 2.88206e-20 -3.17837e-05 -2.88206e-20 3.17837e-05 1.07848e-19 7.10706e-05
-1.17839e-19 -7.12103e-05 -4.11138e-20 -3.18462e-05 4.11138e-20 3.18462e-05 1.17839e-19 7.12103e-05
-1.07848e-19 -7.13499e-05 -1.15126e-21 -3.19086e-05 1.15126e-21 3.19086e-05 1.07848e-19 7.13499e-05
-9.78575e-20 -7.14895e-05 -2.61279e-20 -3.19711e-05 2.61279e-20 3.19711e-05 9.78575e-20 7.14895e-05
1.20395e-20 -7.16291e-05 -4.11138e-20 -3.20335e-05 4.11138e-20 3.20335e-05 -1.20395e-20 7.16291e-05
-5.7895e-20 -7.17688e-05 -3.61185e-20 -3.2096e-05 3.61185e-20 3.2096e-05 5.7895e-20 7.17688e-05
-1.27829e-19 -7.19084e-05 -1.11419e-20 -3.21584e-05 1.11419e-20 3.21584e-05 1.27829e-19 7.19084e-05
-3.79137e-20 -7.2048e-05 -3.61185e-20 -3.22209e-05 3.61185e-20 3.22209e-05 3.79137e-20 7.2048e-05
-1.97764e-19 -7.21876e-05 8.83937e-21 -3.22833e-05 -8.83937e-21 3.22833e-05 1.97764e-19 7.21876e-05
-9.78575e-20 -7.23273e-05 -1.15126e-21 -3.23457e-05 1.15126e-21 3.23457e-05 9.78575e-20 7.23273e-05
-8.78669e-20 -7.24669e-05 8.83937e-21 -3.24082e-05 -8.83937e-21 3.24082e-05 8.78669e-20 7.24669e-05
-1.57801e-19 -7.26065e-05 1.38347e-20 -3.24706e-05 -1.38347e-20 3.24706e-05 1.57801e-19 7.26065e-05
-1.97764e-19 -7.27462e-05 3.84405e-21 -3.25331e-05 -3.84405e-21 3.25331e-05 1.97764e-19 7.27462e-05
-1.17839e-19 -7.28858e-05 3.84405e-21 -3.25955e-05 -3.84405e-21 3.25955e-05 1.17839e-19 7.28858e-05
-1.27829e-19 -7.30254e-05 -1.15126e-21 -3.2658e-05 1.15126e-21 3.2658e-05 1.27829e-19 7.30254e-05
-1.87773e-19 -7.3165e-05 -2.11325e-20 -3.27204e-05 2.11325e-20 3.27204e-05 1.87773e-19 7.3165e-05
-7.78762e-20 -7.33047e-05 -4.11138e-20 -3.27828e-05 4.11138e-20 3.27828e-05 7.78762e-20 7.33047e-05
-1.07848e-19 -7.34443e-05 -1.61372e-20 -3.28453e-05 1.61372e-20 3.28453e-05 1.07848e-19 7.34443e-05
-4.79043e-20 -7.35839e-05 -4.61091e-20 -3.29077e-05 4.61091e-20 3.29077e-05 4.79043e-20 7.35839e-05
-1.27829e-19 -7.37236e-05 3.84405e-21 -3.29702e-05 -3.84405e-21 3.29702e-05 1.27829e-19 7.37236e-05
-1.47811e-19 -7.38632e-05 -2.11325e-20 -3.30326e-05 2.11325e-20 3.30326e-05 1.47811e-19 7.38632e-05
-8.78669e-20 -7.40028e-05 -2.11325e-20 -3.30951e-05 2.11325e-20 3.30951e-05 8.78669e-20 7.40028e-05
-4.79043e-20 -7.41424e-05 -6.10951e-20 -3.31575e-05 6.10951e-20 3.31575e-05 4.79043e-20 7.41424e-05
-1.27829e-19 -7.42821e-05 -1.61372e-20 -3.32199e-05 1.61372e-20 3.32199e-05 1.27829e-19 7.42821e-05
-1.3782e-19 -7.44217e-05 -1.61372e-20 -3.32824e-05 1.61372e-20 3.32824e-05 1.3782e-19 7.44217e-05
-8.78669e-20 -7.45613e-05 -1.11419e-20 -3.33448e-05 1.11419e-20 3.33448e-05 8.78669e-20 7.45613e-05
-1.17839e-19 -7.47009e-05 -6.14658e-21 -3.34073e-05 6.14658e-21 3.34073e-05 1.17839e-19 7.47009e-05
-1.17839e-19 -7.48406e-05 -3.11232e-20 -3.34697e-05 3.11232e-20 3.34697e-05 1.17839e-19 7.48406e-05
-8.78669e-20 -7.49802e-05 -6.14658e-21 -3.35322e-05 6.14658e-21 3.35322e-05 8.78669e-20 7.49802e-05
-5.7895e-20 -7.51198e-05 -4.11138e-20 -3.35946e-05 4.11138e-20 3.35946e-05 5.7895e-20 7.51198e-05
-5.7895e-20 -7.52595e-05 -6.14658e-21 -3.36571e-05 6.14658e-21 3.36571e-05 5.7895e-20 7.52595e-05
-9.78575e-20 -7.53991e-05 -4.11138e-20 -3.37195e-05 4.11138e-20 3.37195e-05 9.78575e-20 7.53991e-05
-8.78669e-20 -7.55387e-05 2.88206e-20 -3.37819e-05 -2.88206e-20 3.37819e-05 8.78669e-20 7.55387e-05
-3.79137e-20 -7.56783e-05 -5.11045e-20 -3.38444e-05 5.11045e-20 3.38444e-05 3.79137e-20 7.56783e-05
-2.07755e-19 -7.5818e-05 -2.61279e-20 -3.39068e-05 2.61279e-20 3.39068e-05 2.07755e-19 7.5818e-05
-9.78575e-20 -7.59576e-05 -2.61279e-20 -3.39693e-05 2.61279e-20 3.39693e-05 9.78575e-20 7.59576e-05
-8.78669e-20 -7.60972e-05 -2.61279e-20 -3.40317e-05 2.61279e-20 3.40317e-05 8.78669e-20 7.60972e-05
-1.3782e-19 -7.62369e-05 -3.61185e-20 -3.40942e-05 3.61185e-20 3.40942e-05 1.3782e-19 7.62369e-05
-1.3782e-19 -7.63765e-05 4.38066e-20 -3.41566e-05 -4.38066e-20 3.41566e-05 1.3782e-19 7.63765e-05
-9.78575e-20 -7.65161e-05 -6.14658e-21 -3.4219e-05 6.14658e-21 3.4219e-05 9.78575e-20 7.65161e-05
-1.17839e-19 -7.66557e-05 -3.11232e-20 -3.42815e-05 3.11232e-20 3.42815e-05 1.17839e-19 7.66557e-05
-9.78575e-20 -7.67954e-05 -6.14658e-21 -3.43439e-05 6.14658e-21 3.43439e-05 9.78575e-20 7.67954e-05
-5.7895e-20 -7.6935e-05 3.84405e-21 -3.44064e-05 -3.84405e-21 3.44064e-05 5.7895e-20 7.6935e-05
-8.78669e-20 -7.70746e-05 -1.15126e-21 -3.44688e-05 1.15126e-21 3.44688e-05 8.78669e-20 7.70746e-05
-3.79137e-20 -7.72143e-05 -1.61372e-20 -3.45313e-05 1.61372e-20 3.45313e-05 3.79137e-20 7.72143e-05
-3.79137e-20 -7.73539e-05 -1.61372e-20 -3.45937e-05 1.61372e-20 3.45937e-05 3.79137e-20 7.73539e-05
-8.78669e-20 -7.74935e-05 -4.11138e-20 -3.46562e-05 4.11138e-20 3.46562e-05 8.78669e-20 7.74935e-05
-9.78575e-20 -7.76331e-05 -2.61279e-20 -3.47186e-05 2.61279e-20 3.47186e-05 9.78575e-20 7.76331e-05
-7.94178e-21 -7.77728e-05 -6.10951e-20 -3.4781e-05 6.10951e-20 3.4781e-05 7.94178e-21 7.77728e-05
-1.3782e-19 -7.79124e-05 -2.61279e-20 -3.48435e-05 2.61279e-20 3.48435e-05 1.3782e-19 7.79124e-05
-1.07848e-19 -7.8052e-05 -8.60717e-20 -3.49059e-05 8.60717e-20 3.49059e-05 1.07848e-19 7.8052e-05
-3.79116e-20 -7.81991e-05 -5.60998e-20 -3.49684e-05 5.60998e-20 3.49684e-05 3.79116e-20 7.81991e-05
4.5015e-20 -7.83786e-05 -1.11419e-20 -3.50308e-05 1.11419e-20 3.50308e-05 -4.5015e-20 7.83786e-05
-2.59699e-20 -7.85581e-05 -3.61185e-20 -3.50933e-05 3.61185e-20 3.50933e-05 2.59699e-20 7.85581e-05
2.14386e-20 -7.87376e-05 -3.61185e-20 -3.51557e-05 3.61185e-20 3.51557e-05 -2.14386e-20 7.87376e-05
-2.18896e-21 -7.89171e-05 -5.60998e-20 -3.52181e-05 5.60998e-20 3.52181e-05 2.18896e-21 7.89171e-05
3.33802e-20 -7.90966e-05 -3.11232e-20 -3.52806e-05 3.11232e-20 3.52806e-05 -3.33802e-20 7.90966e-05
-4.94441e-20 -7.92761e-05 -2.11325e-20 -3.5343e-05 2.11325e-20 3.5343e-05 4.94441e-20 7.92761e-05
-1.38749e-20 -7.94556e-05 -3.11232e-20 -3.54055e-05 3.11232e-20 3.54055e-05 1.38749e-20 7.94556e-05
-1.38238e-20 -7.96351e-05 -1.61372e-20 -3.54679e-05 1.61372e-20 3.54679e-05 1.38238e-20 7.96351e-05
4.16226e-20 -7.9841e-05 -4.09363e-20 -3.55304e-05 2.63054e-20 3.55304e-05 3.15318e-20 7.9841e-05
-9.52677e-20 -8.00883e-05 -2.51799e-20 -3.55928e-05 4.20617e-20 3.55928e-05 1.08588e-20 8.00883e-05
-5.96076e-20 -8.03357e-05 -3.06297e-20 -3.56552e-05 2.16261e-20 3.56552e-05 1.04626e-19 8.03357e-05
-8.53878e-20 -8.05831e-05 -2.83788e-20 -3.57177e-05 2.3877e-20 3.57177e-05 1.07897e-19 8.05831e-05
-5.28287e-21 -8.08305e-05 -2.82403e-20 -3.57801e-05 4.39967e-20 3.57801e-05 -7.34988e-20 8.08305e-05
-1.00888e-19 -8.10779e-05 5.91742e-21 -3.58426e-05 1.32153e-20 3.58426e-05 5.22415e-21 8.10779e-05
-1.40679e-19 -8.13252e-05 -5.64157e-20 -3.5905e-05 5.07885e-20 3.5905e-05 1.68815e-19 8.13252e-05
4.01916e-20 -8.16772e-05 3.98253e-21 -3.59675e-05 2.1271e-20 3.59675e-05 -1.66459e-19 8.16772e-05
1.80294e-19 -8.20656e-05 -6.14605e-20 -3.60299e-05 4.57437e-20 3.60299e-05 -1.0171e-19 8.20656e-05
1.83829e-19 -8.24539e-05 -2.46602e-20 -3.60924e-05 2.26002e-20 3.60924e-05 -1.73528e-19 8.24539e-05
9.5111e-20 -8.28423e-05 -2.19106e-20 -3.61548e-05 4.03358e-20 3.61548e-05 -1.87237e-19 8.28423e-05
2.41547e-19 -8.33851e-05 -2.52079e-20 -3.62172e-05 4.20338e-20 3.62172e-05 -3.25677e-19 8.33851e-05
2.57597e-19 -8.42417e-05 -5.40842e-20 -3.62797e-05 4.31294e-20 3.62797e-05 -2.02824e-19 8.42417e-05
1.73242e-19 -8.50983e-05 -4.07277e-20 -3.63421e-05 3.15093e-20 3.63421e-05 -1.27149e-19 8.50983e-05
8.51143e-20 -8.59549e-05 -2.37919e-20 -3.64046e-05 2.84638e-20 3.64046e-05 -1.08474e-19 8.59549e-05
1.98367e-19 -8.68115e-05 -8.11174e-20 -3.6467e-05 5.10634e-20 3.6467e-05 -4.80972e-20 8.68115e-05
-7.05749e-20 -8.76681e-05 -4.7139e-20 -3.65295e-05 5.00746e-20 3.65295e-05 5.58969e-20 8.76681e-05
1.34306e-20 -8.85246e-05 -5.54694e-21 -3.65919e-05 6.74623e-21 3.65919e-05 -1.94271e-20 8.85246e-05
3.98688e-20 -8.93812e-05 -4.05142e-20 -3.66543e-05 4.17135e-20 3.66543e-05 -4.58653e-20 8.93812e-05
8.68729e-20 -9.02378e-05 -1.78078e-20 -3.67168e-05 -1.05099e-20 3.67168e-05 5.47155e-20 9.02378e-05
1.15587e-19 -9.10944e-05 -4.69254e-20 -3.67792e-05 6.02788e-20 3.67792e-05 -1.82353e-19 9.10944e-05
1.35978e-19 -9.1951e-05 -4.91956e-20 -3.68417e-05 3.3032e-20 3.68417e-05 -5.51593e-20 9.1951e-05
6.89848e-20 -9.28075e-05 -1.43352e-20 -3.69041e-05 -7.03734e-21 3.69041e-05 3.78778e-20 9.28075e-05
-1.60322e-19 -9.36641e-05 -2.04261e-20 -3.69666e-05 2.68343e-20 3.69666e-05 1.28281e-19 9.36641e-05
9.2045e-20 -9.45207e-05 -5.05048e-20 -3.7029e-05 5.17041e-20 3.7029e-05 -9.80414e-20 9.45207e-05
-1.08114e-20 -9.53773e-05 -1.91169e-20 -3.70914e-05 8.16218e-21 3.70914e-05 6.55852e-20 9.53773e-05
-1.35656e-19 -9.62339e-05 -5.09319e-20 -3.71539e-05 3.12957e-20 3.71539e-05 2.33837e-19 9.62339e-05
-2.67438e-20 -9.70905e-05 -4.49478e-20 -3.72163e-05 -7.67802e-21 3.72163e-05 2.89873e-19 9.70905e-05
-1.39209e-19 -9.7947e-05 -2.21624e-20 -3.72788e-05 2.5098e-20 3.72788e-05 1.24531e-19 9.7947e-05
-2.91591e-20 -9.88036e-05 -5.07184e-20 -3.73412e-05 4.14999e-20 3.73412e-05 7.52514e-20 9.88036e-05
6.61619e-20 -9.96602e-05 -4.4841e-20 -3.74037e-05 -2.57592e-21 3.74037e-05 1.70923e-19 9.96602e-05
-1.14828e-19 -0.000100517 -5.77703e-20 -3.74661e-05 2.94526e-20 3.74661e-05 2.56416e-19 0.000100517
6.86562e-20 -0.000101373 -1.38013e-20 -3.75286e-05 1.84732e-20 3.75286e-05 -9.20156e-20 0.000101373
-5.70416e-20 -0.00010223 -4.09413e-20 -3.7591e-05 2.13051e-20 3.7591e-05 1.55223e-19 0.00010223
8.51001e-20 -0.000103087 -5.24547e-20 -3.76534e-05 3.97636e-20 3.76534e-05 -2.16449e-20 0.000103087
-8.7208e-20 -0.000103943 -1.71671e-20 -3.77159e-05 2.01027e-20 3.77159e-05 7.253e-20 0.000103943
1.65728e-19 -0.0001048 -5.20275e-20 -3.77783e-05 6.0172e-20 3.77783e-05 -2.0645e-19 0.0001048
-1.31236e-21 -0.000105656 -7.97014e-20 -3.78408e-05 3.74934e-20 3.78408e-05 2.12353e-19 0.000105656
-4.69599e-20 -0.000106513 -5.68093e-20 -3.79032e-05 7.53715e-20 3.79032e-05 -4.58512e-20 0.000106513
-3.37606e-19 -0.000107369 -3.09785e-20 -3.79657e-05 9.12117e-20 3.79657e-05 3.64393e-20 0.000107369
-2.91739e-19 -0.000108226 -3.36758e-20 -3.80281e-05 4.35565e-20 3.80281e-05 2.42335e-19 0.000108226
-2.25666e-19 -0.000109083 -2.87872e-20 -3.80905e-05 3.34591e-20 3.80905e-05 2.02306e-19 0.000109083
-4.25292e-21 -0.000109939 -2.55282e-20 -3.8153e-05 2.67275e-20 3.8153e-05 -1.74353e-21 0.000109939
4.25347e-21 -0.000110796 -1.0719e-19 -3.82154e-05 1.04916e-19 3.82154e-05 7.11301e-21 0.000110796
-4.97171e-20 -0.000111652 -6.74406e-20 -3.82779e-05 5.47496e-20 3.82779e-05 1.13172e-19 0.000111652
2.69151e-19 -0.000113965 -7.99156e-20 -3.83403e-05 6.22558e-20 3.83403e-05 -1.80852e-19 0.000113965
3.42999e-19 -0.00011719 -5.49725e-20 -3.84028e-05 4.72364e-20 3.84028e-05 -3.04318e-19 0.00011719
7.24647e-19 -0.000120415 -5.25586e-20 -3.84652e-05 6.96316e-20 3.84652e-05 -8.10012e-19 0.000120415
4.12327e-20 -0.000123639 -4.12438e-20 -3.85276e-05 3.59885e-20 3.85276e-05 -1.49566e-20 0.000123639
-4.63968e-19 -0.000126864 -3.37675e-20 -3.85901e-05 3.34741e-20 3.85901e-05 4.65435e-19 0.000126864
3.67142e-19 -0.000130088 -3.01634e-20 -3.86525e-05 7.20455e-20 3.86525e-05 -5.76552e-19 0.000130088
2.21012e-19 -0.000133313 -7.97816e-20 -3.8715e-05 2.24273e-20 3.8715e-05 6.57594e-20 0.000133313
2.36123e-20 -0.000136538 -7.48533e-20 -3.87774e-05 3.73462e-20 3.87774e-05 1.63923e-19 0.000136538
4.97634e-19 -0.000139762 -2.37434e-20 -3.88399e-05 1.35264e-20 3.88399e-05 -4.46549e-19 0.000139762
-1.68165e-19 -0.000142987 -4.88205e-20 -3.89023e-05 6.83744e-20 3.89023e-05 7.03956e-20 0.000142987
6.562e-20 -0.000146212 -2.64253e-20 -3.89648e-05 7.07883e-20 3.89648e-05 -2.87435e-19 0.000146212
1.22513e-19 -0.000149436 -9.98299e-20 -3.90272e-05 6.23228e-20 3.90272e-05 6.50221e-20 0.000149436
2.08105e-19 -0.000152661 -5.25251e-20 -3.90896e-05 5.96744e-20 3.90896e-05 -2.43851e-19 0.000152661
2.96419e-20 -0.000155885 -6.87348e-20 -3.91521e-05 6.84414e-20 3.91521e-05 -2.81749e-20 0.000155885
-1.30214e-19 -0.00015911 -7.61775e-20 -3.92145e-05 6.09986e-20 3.92145e-05 2.06108e-19 0.00015911
-1.43198e-19 -0.000162335 -4.38587e-20 -3.9277e-05 7.33362e-20 3.9277e-05 -4.18948e-21 0.000162335
7.91737e-20 -0.000165559 -4.87535e-20 -3.93394e-05 4.84601e-20 3.93394e-05 -7.77068e-20 0.000165559
-1.73386e-19 -0.000168784 -4.50154e-20 -3.94019e-05 4.72029e-20 3.94019e-05 1.62448e-19 0.000168784
5.04319e-19 -0.000172009 -3.75391e-20 -3.94643e-05 4.46885e-20 3.94643e-05 -5.40066e-19 0.000172009
3.81016e-19 -0.000175233 -1.75914e-20 -3.95267e-05 3.46644e-20 3.95267e-05 -4.66381e-19 0.000175233
7.3297e-20 -0.000178458 -4.00201e-20 -3.95892e-05 4.22076e-20 3.95892e-05 -8.42345e-20 0.000178458
5.48375e-21 -0.000181682 -3.3801e-20 -3.96516e-05 4.34313e-20 3.96516e-05 -5.3635e-20 0.000181682
-2.53278e-19 -0.000184907 -6.1292e-20 -3.97141e-05 7.58841e-20 3.97141e-05 1.80318e-19 0.000184907
3.19649e-19 -0.000188132 -2.01058e-20 -3.97765e-05 4.21406e-20 3.97765e-05 -4.29823e-19 0.000188132
2.09412e-19 -0.000191356 -7.24394e-20 -3.9839e-05 5.97414e-20 3.9839e-05 -1.45922e-19 0.000191356
1.5971e-19 -0.000194581 -2.7582e-20 -3.99014e-05 4.4655e-20 3.99014e-05 -2.45074e-19 0.000194581
2.33888e-19 -0.000197806 -4.75298e-20 -3.99638e-05 5.46791e-20 3.99638e-05 -2.69634e-19 0.000197806
2.58613e-19 -0.00020103 -3.75391e-20 -4.00263e-05 4.46885e-20 4.00263e-05 -2.9436e-19 0.00020103
-1.10138e-19 -0.000204255 -6.23483e-20 -4.00887e-05 1.98794e-20 4.00887e-05 3.22482e-19 0.000204255
-1.53803e-19 -0.000207479 -5.62297e-20 -4.01512e-05 5.09745e-20 4.01512e-05 1.80079e-19 0.000207479
-3.94949e-19 -0.000210704 -2.02063e-20 -4.02136e-05 7.2012e-20 4.02136e-05 1.3592e-19 0.000210704
1.48619e-19 -0.000213929 -7.98821e-20 -4.02761e-05 5.22987e-20 4.02761e-05 -1.07023e-20 0.000213929
3.88937e-19 -0.000217153 -9.113e-20 -4.03385e-05 6.60274e-20 4.03385e-05 -2.63425e-19 0.000217153
5.97913e-19 -0.000220378 -3.3801e-20 -4.0401e-05 4.34313e-20 4.0401e-05 -6.46065e-19 0.000220378
-3.43683e-19 -0.000223602 -7.98151e-20 -4.04634e-05 3.23844e-20 4.04634e-05 5.80837e-19 0.000223602
2.84073e-19 -0.000226827 -3.25103e-20 -4.05258e-05 2.9736e-20 4.05258e-05 -2.70202e-19 0.000226827
1.29066e-20 -0.000230052 -5.75204e-20 -4.05883e-05 6.46698e-20 4.05883e-05 -4.86533e-20 0.000230052
3.40056e-19 -0.000233276 -5.61627e-20 -4.06507e-05 3.10602e-20 4.06507e-05 -2.14544e-19 0.000233276
2.9085e-19 -0.000236501 -7.11487e-20 -4.07132e-05 4.60462e-20 4.07132e-05 -1.65337e-19 0.000236501
2.55553e-20 -0.000239726 -5.5006e-20 -4.07756e-05 5.71935e-20 4.07756e-05 -3.64929e-20 0.000239726
6.28504e-20 -0.00024295 -8.74253e-20 -4.08381e-05 7.47274e-20 4.08381e-05 6.39416e-22 0.00024295
2.78029e-19 -0.000246175 -1.38533e-20 -4.09005e-05 3.34071e-20 4.09005e-05 -3.75798e-19 0.000246175
-2.34883e-20 -0.000249399 -6.49967e-20 -4.09629e-05 6.71842e-20 4.09629e-05 1.25507e-20 0.000249399
5.62505e-19 -0.000252624 -4.11433e-20 -4.10254e-05 6.11712e-21 4.10254e-05 -3.87374e-19 0.000252624
1.98635e-19 -0.000255849 -7.99491e-20 -4.10878e-05 7.2213e-20 4.10878e-05 -1.59954e-19 0.000255849
6.29268e-20 -0.000259073 -3.25438e-20 -4.11503e-05 3.96932e-20 4.11503e-05 -9.86734e-20 0.000259073
-2.45453e-19 -0.000262298 -7.00925e-20 -4.12127e-05 1.02051e-19 4.12127e-05 8.56611e-20 0.000262298
3.46081e-19 -0.000265523 -3.01299e-20 -4.12752e-05 6.20884e-20 4.12752e-05 -5.05873e-19 0.000265523
5.62912e-19 -0.000268747 -7.61105e-20 -4.13376e-05 4.10843e-20 4.13376e-05 -3.87781e-19 0.000268747
8.09272e-21 -0.000271972 -4.872e-20 -4.14001e-05 3.8503e-20 4.14001e-05 4.29925e-20 0.000271972
-8.41991e-20 -0.000275196 -7.24394e-20 -4.14625e-05 5.97414e-20 4.14625e-05 1.47689e-19 0.000275196
-5.37673e-20 -0.000278421 -3.63154e-20 -4.15249e-05 5.09075e-20 4.15249e-05 -1.9193e-20 0.000278421
4.95343e-19 -0.000281646 -1.04859e-19 -4.15874e-05 7.72753e-20 4.15874e-05 -3.57425e-19 0.000281646
-3.00374e-19 -0.00028487 -2.63918e-20 -4.16498e-05 6.08312e-20 4.16498e-05 1.28177e-19 0.00028487
1.56032e-19 -0.000288095 -6.37729e-20 -4.17123e-05 7.34032e-20 4.17123e-05 -2.04184e-19 0.000288095
1.71771e-21 -0.000291319 -3.51252e-20 -4.17747e-05 6.70837e-20 4.17747e-05 -1.6151e-19 0.000291319
3.248e-20 -0.000294544 -5.88781e-20 -4.18372e-05 9.82793e-20 4.18372e-05 -2.29486e-19 0.000294544
-9.6695e-20 -0.000297769 -1.51439e-20 -4.18996e-05 4.71024e-20 4.18996e-05 -6.30972e-20 0.000297769
-1.1489e-19 -0.000300993 -6.88018e-20 -4.1962e-05 8.83557e-20 4.1962e-05 1.71205e-20 0.000300993
-3.79854e-19 -0.000304218 -3.76061e-20 -4.20245e-05 6.46028e-20 4.20245e-05 2.44871e-19 0.000304218
1.69586e-19 -0.000307443 -7.61105e-20 -4.20869e-05 4.10843e-20 4.20869e-05 5.5447e-21 0.000307443
-5.88254e-20 -0.000310667 -6.24822e-20 -4.21494e-05 5.97079e-20 4.21494e-05 7.26969e-20 0.000310667
5.81078e-20 -0.000313892 -2.88057e-20 -4.22118e-05 3.8436e-20 4.22118e-05 -1.06259e-19 0.000313892
-2.17794e-20 -0.000317116 -8.49779e-20 -4.22743e-05 8.71654e-20 4.22743e-05 1.08419e-20 0.000317116
-2.19841e-19 -0.000320341 -2.02398e-20 -4.23367e-05 8.19692e-20 4.23367e-05 -8.88065e-20 0.000320341
1.81737e-19 -0.000323566 -8.8716e-20 -4.23991e-05 8.84226e-20 4.23991e-05 -1.8027e-19 0.000323566
-4.63444e-20 -0.00032679 -7.50208e-20 -4.24616e-05 8.71319e-20 4.24616e-05 -1.42114e-20 0.00032679
-1.49212e-20 -0.000330015 -8.86491e-20 -4.2524e-05 6.85084e-20 4.2524e-05 1.15625e-19 0.000330015
1.81981e-19 -0.00033324 -4.87535e-20 -4.25865e-05 4.84601e-20 4.25865e-05 -1.80514e-19 0.00033324
-6.81971e-19 -0.000336694 -8.82401e-20 -4.26489e-05 3.39501e-20 4.26489e-05 9.53421e-19 0.000336694
-1.97344e-18 -0.000341348 -1.71111e-20 -4.27114e-05 8.01025e-20 4.27114e-05 1.65849e-18 0.000341348
-1.91835e-18 -0.000346002 -4.54541e-20 -4.27738e-05 8.67267e-20 4.27738e-05 1.71199e-18 0.000346002
-2.54017e-18 -0.000350657 -4.41509e-20 -4.28363e-05 6.80486e-20 4.28363e-05 2.42068e-18 0.000350657
-1.07697e-18 -0.000355311 -8.51994e-20 -4.28987e-05 5.6972e-20 4.28987e-05 1.21811e-18 0.000355311
-5.73029e-19 -0.000359965 -5.16574e-21 -4.29611e-05 4.20947e-20 4.29611e-05 3.88385e-19 0.000359965
-1.86088e-18 -0.000364619 -7.87924e-20 -4.30236e-05 9.83463e-20 4.30236e-05 1.76311e-18 0.000364619
7.28818e-20 -0.000369274 -3.57892e-20 -4.3086e-05 8.14056e-20 4.3086e-05 -3.00964e-19 0.000369274
2.25707e-19 -0.000373928 -1.01163e-19 -4.31485e-05 8.59666e-20 4.31485e-05 -1.49726e-19 0.000373928
-1.76077e-18 -0.000378582 -7.58604e-20 -4.32109e-05 5.63205e-20 4.32109e-05 1.85847e-18 0.000378582
-7.31491e-20 -0.000383236 -8.02041e-20 -4.32734e-05 5.19767e-20 4.32734e-05 2.14286e-19 0.000383236
-2.78684e-19 -0.000387891 -5.14267e-20 -4.33358e-05 1.05731e-19 4.33358e-05 7.16423e-21 0.000387891
5.07605e-19 -0.000392545 -1.22773e-19 -4.33982e-05 1.29296e-19 4.33982e-05 -5.40219e-19 0.000392545
-1.87705e-18 -0.000397199 -6.4458e-20 -4.34607e-05 9.26994e-20 4.34607e-05 1.73584e-18 0.000397199
-2.25271e-18 -0.000401853 -2.08033e-20 -4.35231e-05 6.64197e-20 4.35231e-05 2.02463e-18 0.000401853
8.53867e-19 -0.000406508 -5.25127e-20 -4.35856e-05 5.46915e-20 4.35856e-05 -8.64761e-19 0.000406508
-2.36696e-18 -0.000411162 -1.14194e-19 -4.3648e-05 7.29353e-20 4.3648e-05 2.57325e-18 0.000411162
-1.3275e-19 -0.000415816 -3.22056e-20 -4.37105e-05 3.00407e-20 4.37105e-05 1.43575e-19 0.000415816
4.16474e-18 -0.000420471 -6.81502e-20 -4.37729e-05 7.90166e-20 4.37729e-05 -4.21907e-18 0.000420471
8.35322e-19 -0.000425125 -8.20637e-21 -4.38353e-05 1.90728e-20 4.38353e-05 -8.89654e-19 0.000425125
9.40577e-20 -0.000429779 -7.04307e-20 -4.38978e-05 1.11703e-19 4.38978e-05 -3.00421e-19 0.000429779
-1.30239e-18 -0.000434433 2.54443e-21 -4.39602e-05 6.47908e-20 4.39602e-05 9.65714e-19 0.000434433
2.55711e-18 -0.000439088 -4.654e-20 -4.40227e-05 3.56876e-20 4.40227e-05 -2.50284e-18 0.000439088
-2.06458e-18 -0.000443742 -3.53548e-20 -4.40851e-05 1.41784e-19 4.40851e-05 1.53243e-18 0.000443742
1.11801e-18 -0.000448396 -7.97697e-20 -4.41476e-05 1.12355e-19 4.41476e-05 -1.28094e-18 0.000448396
-2.58786e-18 -0.00045305 -1.61337e-20 -4.421e-05 6.60939e-20 4.421e-05 2.33806e-18 0.00045305
-7.13112e-20 -0.000457705 -8.55252e-20 -4.42725e-05 6.16416e-20 4.42725e-05 1.90729e-19 0.000457705
6.24483e-19 -0.000462359 3.02359e-20 -4.43349e-05 6.75056e-20 4.43349e-05 -1.11319e-18 0.000462359
-3.1949e-19 -0.000467013 -3.10246e-21 -4.43973e-05 7.91252e-20 4.43973e-05 -6.06236e-20 0.000467013
1.40071e-18 -0.000471667 -4.14361e-20 -4.44598e-05 9.574e-20 4.44598e-05 -1.67223e-18 0.000471667
-2.4753e-18 -0.000476322 -7.78151e-20 -4.45222e-05 8.43377e-20 4.45222e-05 2.44269e-18 0.000476322
-1.44287e-18 -0.000480976 -1.18986e-20 -4.45847e-05 5.38992e-21 4.45847e-05 1.47541e-18 0.000480976
-1.53981e-18 -0.00048563 -1.98259e-20 -4.46471e-05 5.24111e-20 4.46471e-05 1.37688e-18 0.00048563
9.94844e-19 -0.000490284 -1.37447e-20 -4.47096e-05 9.84549e-20 4.47096e-05 -1.4184e-18 0.000490284
6.80716e-19 -0.000494939 -6.31549e-20 -4.4772e-05 7.40213e-20 4.4772e-05 -7.35047e-19 0.000494939
-7.15732e-19 -0.000499593 -1.70422e-22 -4.48344e-05 3.70993e-20 4.48344e-05 5.31088e-19 0.000499593
-7.58376e-19 -0.000504247 -3.64408e-20 -4.48969e-05 9.07447e-20 4.48969e-05 4.86857e-19 0.000504247
-1.28245e-18 -0.000508902 -4.71916e-20 -4.49593e-05 4.50267e-20 4.49593e-05 1.29328e-18 0.000508902
1.06035e-18 -0.000513556 -1.0681e-19 -4.50218e-05 1.00301e-19 4.50218e-05 -1.02781e-18 0.000513556
-7.34277e-19 -0.00051821 -2.08033e-20 -4.50842e-05 6.64197e-20 4.50842e-05 5.06195e-19 0.00051821
3.30737e-19 -0.000522864 -4.88205e-20 -4.51467e-05 6.83744e-20 4.51467e-05 -4.28506e-19 0.000522864
2.76041e-18 -0.000527519 -7.0865e-20 -4.52091e-05 5.13251e-20 4.52091e-05 -2.66271e-18 0.000527519
-3.70737e-18 -0.000532173 -4.0133e-20 -4.52715e-05 7.70619e-20 4.52715e-05 3.52272e-18 0.000532173
9.88301e-19 -0.000536827 -2.41697e-20 -4.5334e-05 4.80673e-20 4.5334e-05 -1.10779e-18 0.000536827
2.47036e-19 -0.000541481 -5.64221e-20 -4.53964e-05 1.10726e-19 4.53964e-05 -5.18556e-19 0.000541481
-4.94228e-19 -0.000546136 -3.75402e-21 -4.54589e-05 8.84642e-20 4.54589e-05 7.06773e-20 0.000546136
-1.22101e-18 -0.00055079 -6.05486e-20 -4.55213e-05 3.6665e-20 4.55213e-05 1.34043e-18 0.00055079
-1.49171e-18 -0.000555444 1.62273e-20 -4.55838e-05 6.8483e-20 4.55838e-05 1.06815e-18 0.000555444
-4.88228e-19 -0.000560098 -7.35799e-20 -4.56462e-05 2.36337e-20 4.56462e-05 7.37959e-19 0.000560098
3.00929e-18 -0.000564753 5.13031e-20 -4.57087e-05 9.85635e-20 4.57087e-05 -3.75862e-18 0.000564753
-1.06943e-18 -0.000569407 1.38382e-20 -4.57711e-05 3.6122e-20 4.57711e-05 8.19627e-19 0.000569407
6.50769e-19 -0.000574061 -2.94908e-20 -4.58335e-05 5.77322e-20 4.58335e-05 -7.91976e-19 0.000574061
2.58453e-18 -0.000578716 -6.46887e-21 -4.5896e-05 6.07728e-20 4.5896e-05 -2.85605e-18 0.000578716
7.6095e-19 -0.00058337 -3.62236e-20 -4.59584e-05 2.10274e-20 4.59584e-05 -6.84969e-19 0.00058337
8.82592e-21 -0.000588024 -2.38439e-20 -4.60209e-05 4.33978e-20 4.60209e-05 -1.06595e-19 0.000588024
-6.63962e-20 -0.000592678 -2.1129e-20 -4.60833e-05 7.10892e-20 4.60833e-05 -1.83405e-19 0.000592678
-4.46298e-22 -0.000597333 -5.41416e-20 -4.61458e-05 7.80392e-20 4.61458e-05 -1.19042e-19 0.000597333
3.47286e-22 -0.000601987 -4.1884e-21 -4.62082e-05 2.8086e-20 4.62082e-05 -1.19836e-19 0.000601987
4.93433e-19 -0.000606641 -9.4009e-21 -4.62706e-05 1.02799e-19 4.62706e-05 -9.60422e-19 0.000606641
1.18199e-18 -0.000611295 -1.874e-20 -4.63331e-05 1.0345e-19 4.63331e-05 -1.60554e-18 0.000611295
-2.01712e-18 -0.00061595 -2.48212e-20 -4.63955e-05 5.74064e-20 4.63955e-05 1.85419e-18 0.00061595
6.8678e-20 -0.000620604 7.75693e-21 -4.6458e-05 -9.92181e-21 4.6458e-05 -5.78536e-20 0.000620604
-1.97209e-18 -0.000625258 -3.53683e-21 -4.65204e-05 1.8747e-20 4.65204e-05 1.89604e-18 0.000625258
-2.68078e-18 -0.000629912 -5.47931e-20 -4.65829e-05 8.73783e-20 4.65829e-05 2.51785e-18 0.000629912
-3.47634e-18 -0.000634567 1.12319e-20 -4.66453e-05 7.34783e-20 4.66453e-05 3.05279e-18 0.000634567
-1.34711e-18 -0.000639221 -4.83996e-21 -4.67077e-05 3.74251e-20 4.67077e-05 1.18418e-18 0.000639221
1.16083e-19 -0.000643875 -7.0865e-20 -4.67702e-05 5.13251e-20 4.67702e-05 -1.83839e-20 0.000643875
-2.80792e-18 -0.000648529 5.11945e-20 -4.68326e-05 3.35157e-20 4.68326e-05 2.38437e-18 0.000648529
1.16741e-18 -0.000653184 2.0571e-20 -4.68951e-05 7.28267e-20 4.68951e-05 -1.6344e-18 0.000653184
1.23336e-18 -0.000657838 2.54443e-21 -4.69575e-05 6.47908e-20 4.69575e-05 -1.57004e-18 0.000657838
2.16082e-18 -0.000662492 -4.95806e-20 -4.702e-05 1.26657e-20 4.702e-05 -1.97625e-18 0.000662492
1.43042e-18 -0.000667147 -7.15166e-20 -4.70824e-05 6.06642e-20 4.70824e-05 -1.37616e-18 0.000667147
2.0321e-18 -0.000671801 1.64444e-20 -4.71449e-05 -1.2343e-21 4.71449e-05 -2.10815e-18 0.000671801
1.30446e-20 -0.000676455 -2.41697e-20 -4.72073e-05 4.80673e-20 4.72073e-05 -1.32533e-19 0.000676455
6.14724e-19 -0.000681109 -4.61056e-20 -4.72697e-05 9.60658e-20 4.72697e-05 -8.64525e-19 0.000681109
1.325e-18 -0.000685764 -4.48025e-20 -4.73322e-05 7.73877e-20 4.73322e-05 -1.48792e-18 0.000685764
1.32579e-18 -0.000690418 -1.48306e-20 -4.73946e-05 4.74158e-20 4.73946e-05 -1.48872e-18 0.000690418
5.08511e-19 -0.000695072 -1.93915e-20 -4.74571e-05 1.12789e-19 4.74571e-05 -9.755e-19 0.000695072
-4.89759e-19 -0.000699726 2.0571e-20 -4.75195e-05 7.28267e-20 4.75195e-05 2.27702e-20 0.000699726
-8.94383e-19 -0.000704381 -4.15447e-20 -4.7582e-05 3.06923e-20 4.7582e-05 9.48644e-19 0.000704381
1.4448e-18 -0.000709035 -1.13556e-20 -4.76444e-05 1.30816e-19 4.76444e-05 -2.0421e-18 0.000709035
-5.09097e-19 -0.000713689 -1.00525e-20 -4.77068e-05 1.12138e-19 4.77068e-05 -1.32931e-21 0.000713689
-1.15263e-18 -0.000718343 5.89736e-22 -4.77693e-05 9.2808e-20 4.77693e-05 6.85638e-19 0.000718343
-1.64413e-18 -0.000722998 -4.41509e-20 -4.78317e-05 6.80486e-20 4.78317e-05 1.52464e-18 0.000722998
-2.89528e-19 -0.000727652 -4.34994e-20 -4.78942e-05 5.87095e-20 4.78942e-05 2.13478e-19 0.000727652
-2.84431e-18 -0.000732306 -5.02322e-20 -4.79566e-05 2.20048e-20 4.79566e-05 2.98545e-18 0.000732306
1.71019e-18 -0.000736961 -5.349e-20 -4.80191e-05 6.87002e-20 4.80191e-05 -1.78624e-18 0.000736961
-2.1984e-18 -0.000741615 -6.08744e-20 -4.80815e-05 4.13345e-20 4.80815e-05 2.2961e-18 0.000741615
1.6249e-18 -0.000746269 -2.61244e-20 -4.8144e-05 7.60845e-20 4.8144e-05 -1.8747e-18 0.000746269
-3.08004e-18 -0.000750923 2.54443e-21 -4.82064e-05 6.47908e-20 4.82064e-05 2.74337e-18 0.000750923
2.50963e-19 -0.000755578 -2.74275e-20 -4.82688e-05 9.47627e-20 4.82688e-05 -5.87639e-19 0.000755578
-2.34726e-18 -0.000760232 -3.54634e-20 -4.83313e-05 7.67361e-20 4.83313e-05 2.14089e-18 0.000760232
-2.68672e-18 -0.000764886 -7.56432e-20 -4.83937e-05 -1.33968e-20 4.83937e-05 3.13192e-18 0.000764886
-2.94656e-18 -0.00076954 -1.35275e-20 -4.84562e-05 2.87376e-20 4.84562e-05 2.87051e-18 0.00076954
-1.54852e-18 -0.000774195 -9.14979e-20 -4.85186e-05 8.06455e-20 4.85186e-05 1.60278e-18 0.000774195
9.8613e-19 -0.000778849 -2.54728e-20 -4.85811e-05 6.67455e-20 4.85811e-05 -1.19249e-18 0.000778849
1.03693e-19 -0.000783503 1.79648e-20 -4.86435e-05 1.10183e-19 4.86435e-05 -7.44432e-19 0.000783503
1.61032e-18 -0.000788157 -6.79465e-21 -4.87059e-05 6.54423e-20 4.87059e-05 -1.90356e-18 0.000788157
-1.03134e-18 -0.000792812 3.84755e-21 -4.87684e-05 4.61126e-20 4.87684e-05 7.81535e-19 0.000792812
-9.75973e-21 -0.000797466 -3.54634e-20 -4.88308e-05 7.67361e-20 4.88308e-05 -1.96604e-19 0.000797466
-9.58413e-20 -0.00080212 1.89286e-21 -4.88933e-05 7.41299e-20 4.88933e-05 -2.84272e-19 0.00080212
7.87025e-20 -0.000806774 -4.28478e-20 -4.89557e-05 4.93704e-20 4.89557e-05 -1.11316e-19 0.000806774
-1.42634e-18 -0.000811429 -2.80791e-20 -4.90182e-05 1.04102e-19 4.90182e-05 1.04623e-18 0.000811429
-2.2219e-18 -0.000816083 7.97412e-21 -4.90806e-05 1.20174e-19 4.90806e-05 1.58116e-18 0.000816083
-1.57678e-18 -0.000820737 4.72851e-20 -4.9143e-05 8.95502e-20 4.9143e-05 8.92607e-19 0.000820737
-1.87281e-18 -0.000825392 -1.15728e-20 -4.92055e-05 7.20388e-22 4.92055e-05 1.92708e-18 0.000825392
5.96682e-19 -0.000830046 1.25351e-20 -4.92679e-05 5.48001e-20 4.92679e-05 -9.33358e-19 0.000830046
-1.03143e-18 -0.0008347 -6.63041e-20 -4.93304e-05 -1.40484e-20 4.93304e-05 1.4332e-18 0.0008347
3.30404e-19 -0.000839354 4.49912e-21 -4.93928e-05 3.67736e-20 4.93928e-05 -5.36767e-19 0.000839354
7.80052e-19 -0.000844009 4.79367e-20 -4.94553e-05 8.02111e-20 4.94553e-05 -1.42079e-18 0.000844009
2.79281e-20 -0.000848663 1.05274e-19 -4.95177e-05 5.76236e-20 4.95177e-05 -8.42417e-19 0.000848663
3.97941e-19 -0.000853317 -2.35181e-20 -4.95802e-05 3.87282e-20 4.95802e-05 -4.73992e-19 0.000853317
1.49191e-18 -0.000857971 2.92585e-20 -4.96426e-05 8.15142e-20 4.96426e-05 -2.04578e-18 0.000857971
-2.43839e-18 -0.000862626 3.12132e-20 -4.9705e-05 5.3497e-20 4.9705e-05 2.01484e-18 0.000862626
-2.58963e-18 -0.00086728 4.66335e-20 -4.97675e-05 9.88893e-20 4.97675e-05 1.86202e-18 0.00086728
2.05646e-19 -0.000871934 6.05336e-20 -4.98299e-05 3.28642e-20 4.98299e-05 -6.72635e-19 0.000871934
1.6254e-18 -0.000876588 3.19599e-21 -4.98924e-05 5.54517e-20 4.98924e-05 -1.91864e-18 0.000876588
-2.85059e-19 -0.000881243 4.57648e-20 -4.99548e-05 -2.18671e-20 4.99548e-05 1.65571e-19 0.000881243
-1.72494e-18 -0.000885897 6.24883e-20 -5.00173e-05 4.84696e-21 5.00173e-05 1.38827e-18 0.000885897
-2.94764e-18 -0.000890551 -4.1884e-21 -5.00797e-05 2.8086e-20 5.00797e-05 2.82815e-18 0.000890551
-1.14419e-18 -0.000895206 4.98914e-20 -5.01421e-05 5.21939e-20 5.01421e-05 6.33763e-19 0.000895206
2.94179e-20 -0.00089986 2.5132e-20 -5.02046e-05 7.45321e-21 5.02046e-05 -1.92344e-19 0.00089986
-9.39894e-19 -0.000904514 8.59445e-20 -5.0267e-05 6.82658e-20 5.0267e-05 1.68842e-19 0.000904514
1.58028e-18 -0.000909168 -3.82869e-20 -5.03295e-05 -1.60031e-20 5.03295e-05 -1.30883e-18 0.000909168
7.1956e-19 -0.000913823 2.57835e-20 -5.03919e-05 -1.88587e-21 5.03919e-05 -8.39048e-19 0.000913823
2.56645e-18 -0.000918477 2.12226e-20 -5.04544e-05 6.34877e-20 5.04544e-05 -2.99e-18 0.000918477
2.29938e-18 -0.000923131 5.31492e-20 -5.05168e-05 5.49852e-21 5.05168e-05 -2.59262e-18 0.000923131
-1.80468e-18 -0.000927785 3.99007e-20 -5.05792e-05 6.21845e-20 5.05792e-05 1.29425e-18 0.000927785
-2.87534e-18 -0.00093244 -2.2215e-20 -5.06417e-05 2.00501e-20 5.06417e-05 2.88617e-18 0.00093244
-2.3171e-18 -0.000937094 -2.54728e-20 -5.07041e-05 6.67455e-20 5.07041e-05 2.11074e-18 0.000937094
1.03562e-18 -0.000941748 5.15068e-21 -5.07666e-05 2.74345e-20 5.07666e-05 -1.19855e-18 0.000941748
-1.90286e-18 -0.000946402 -9.30182e-20 -5.0829e-05 -3.07718e-20 5.0829e-05 2.52181e-18 0.000946402
1.81185e-18 -0.000951057 1.83991e-20 -5.08915e-05 -2.92515e-20 5.08915e-05 -1.75759e-18 0.000951057
1.98212e-19 -0.000955711 5.9882e-20 -5.09539e-05 4.22033e-20 5.09539e-05 -7.08638e-19 0.000955711
2.90661e-18 -0.000960365 1.12319e-20 -5.10164e-05 7.34783e-20 5.10164e-05 -3.33016e-18 0.000960365
-1.66802e-18 -0.000965019 4.38101e-20 -5.10788e-05 6.15008e-21 5.10788e-05 1.41821e-18 0.000965019
-4.00293e-19 -0.000969674 4.18554e-20 -5.11412e-05 3.41673e-20 5.11412e-05 2.01799e-20 0.000969674
-5.08094e-19 -0.000974328 1.86163e-20 -5.12037e-05 1.00844e-19 5.12037e-05 -8.92076e-20 0.000974328
3.68442e-18 -0.000978982 4.49912e-21 -5.12661e-05 3.67736e-20 5.12661e-05 -3.89079e-18 0.000978982
1.37817e-19 -0.000983637 7.97412e-21 -5.13286e-05 1.20174e-19 5.13286e-05 -7.78556e-19 0.000983637
1.82048e-19 -0.000988291 8.92023e-20 -5.1391e-05 2.15704e-20 5.1391e-05 -7.35912e-19 0.000988291
-4.61482e-19 -0.000992945 3.99007e-20 -5.14535e-05 6.21845e-20 5.14535e-05 -4.89444e-20 0.000992945
3.35667e-19 -0.000997599 4.38101e-20 -5.15159e-05 6.15008e-21 5.15159e-05 -5.85468e-19 0.000997599
-5.03332e-19 -0.00100225 3.85976e-20 -5.15783e-05 8.08627e-20 5.15783e-05 -9.39691e-20 0.00100225
-2.45723e-18 -0.00100691 5.9882e-20 -5.16408e-05 4.22033e-20 5.16408e-05 1.9468e-18 0.00100691
2.31446e-18 -0.00101156 4.31585e-20 -5.17032e-05 1.54892e-20 5.17032e-05 -2.60769e-18 0.00101156
-7.0366e-19 -0.00101622 -7.44621e-21 -5.17657e-05 7.47814e-20 5.17657e-05 3.66984e-19 0.00101622
-1.88292e-18 -0.00102087 1.7096e-20 -5.18281e-05 -1.05734e-20 5.18281e-05 1.85031e-18 0.00102087
-1.36812e-18 -0.00102552 6.24883e-20 -5.18906e-05 4.84696e-21 5.18906e-05 1.03144e-18 0.00102552
-1.43248e-18 -0.00103018 4.05523e-20 -5.1953e-05 5.28455e-20 5.1953e-05 9.6549e-19 0.00103018
-1.98913e-18 -0.00103483 3.84755e-21 -5.20154e-05 4.61126e-20 5.20154e-05 1.73933e-18 0.00103483
-7.4313e-19 -0.00103949 3.12132e-20 -5.20779e-05 5.3497e-20 5.20779e-05 3.19579e-19 0.00103949
1.06032e-18 -0.00104414 8.5293e-20 -5.21403e-05 7.76049e-20 5.21403e-05 -1.87481e-18 0.00104414
-1.36415e-18 -0.0010488 4.2507e-20 -5.22028e-05 2.48282e-20 5.22028e-05 1.02747e-18 0.0010488
-6.53874e-19 -0.00105345 1.38382e-20 -5.22652e-05 3.6122e-20 5.22652e-05 4.04073e-19 0.00105345
-1.82507e-19 -0.0010581 5.79273e-20 -5.23277e-05 7.02205e-20 5.23277e-05 -4.58232e-19 0.0010581
-6.52287e-19 -0.00106276 1.38382e-20 -5.23901e-05 3.6122e-20 5.23901e-05 4.02486e-19 0.00106276
-6.73212e-19 -0.00106741 3.19599e-21 -5.24526e-05 5.54517e-20 5.24526e-05 3.79973e-19 0.00106741
-6.37582e-21 -0.00107207 2.31773e-20 -5.2515e-05 3.54704e-20 5.2515e-05 -2.86863e-19 0.00107207
-5.58224e-21 -0.00107672 3.19599e-21 -5.25774e-05 5.54517e-20 5.25774e-05 -2.87656e-19 0.00107672
1.99334e-18 -0.00108138 5.31492e-20 -5.26399e-05 5.49852e-21 5.26399e-05 -2.28658e-18 0.00108138
-2.00212e-18 -0.00108603 3.31679e-20 -5.27023e-05 2.54798e-20 5.27023e-05 1.70888e-18 0.00108603
2.59581e-18 -0.00109068 7.11758e-20 -5.27648e-05 1.35345e-20 5.27648e-05 -3.01936e-18 0.00109068
-2.24668e-18 -0.00109534 -3.41603e-20 -5.28272e-05 5.8058e-20 5.28272e-05 2.12719e-18 0.00109534
-2.99881e-18 -0.00109999 7.31305e-20 -5.28897e-05 -1.44828e-20 5.28897e-05 2.70557e-18 0.00109999
1.70772e-18 -0.00110465 -2.54728e-20 -5.29521e-05 6.67455e-20 5.29521e-05 -1.91409e-18 0.00110465
2.67838e-19 -0.0011093 4.12038e-20 -5.30145e-05 4.35064e-20 5.30145e-05 -6.91389e-19 0.0011093
4.20663e-19 -0.00111396 1.57929e-20 -5.3077e-05 8.10477e-21 5.3077e-05 -5.40151e-19 0.00111396
1.68839e-18 -0.00111861 1.38382e-20 -5.31394e-05 3.6122e-20 5.31394e-05 -1.93819e-18 0.00111861
4.00531e-19 -0.00112326 5.15068e-21 -5.32019e-05 2.74345e-20 5.32019e-05 -5.63457e-19 0.00112326
-9.52479e-19 -0.00112792 3.4471e-20 -5.32643e-05 6.80165e-21 5.32643e-05 7.46116e-19 0.00112792
9.81286e-19 -0.00113257 3.25163e-20 -5.33268e-05 3.48189e-20 5.33268e-05 -1.31796e-18 0.00113257
-1.0812e-18 -0.00113723 7.05242e-20 -5.33892e-05 2.28735e-20 5.33892e-05 6.14216e-19 0.00113723
-5.51921e-19 -0.00114188 -3.53683e-21 -5.34516e-05 1.8747e-20 5.34516e-05 4.7587e-19 0.00114188
-5.27858e-18 -0.00114654 1.44898e-20 -5.35141e-05 2.67829e-20 5.35141e-05 5.07222e-18 0.00114654
-2.07789e-18 -0.00115119 4.05523e-20 -5.35765e-05 5.28455e-20 5.35765e-05 1.6109e-18 0.00115119
-1.9685e-18 -0.00115584 -1.61337e-20 -5.3639e-05 6.60939e-20 5.3639e-05 1.7187e-18 0.00115584
-3.98755e-18 -0.0011605 1.31866e-20 -5.37014e-05 4.54611e-20 5.37014e-05 3.69431e-18 0.0011605
-3.42931e-18 -0.00116515 5.9882e-20 -5.37639e-05 4.22033e-20 5.37639e-05 2.91888e-18 0.00116515
-2.78419e-18 -0.00116981 -7.13391e-22 -5.38263e-05 1.11486e-19 5.38263e-05 2.23033e-18 0.00116981
2.23364e-18 -0.00117446 3.99007e-20 -5.38888e-05 6.21845e-20 5.38888e-05 -2.74406e-18 0.00117446
7.79273e-19 -0.00117912 -5.37072e-20 -5.39512e-05 -6.13953e-20 5.39512e-05 -2.03761e-19 0.00117912
3.45691e-19 -0.00118377 -6.79465e-21 -5.40136e-05 6.54423e-20 5.40136e-05 -6.3893e-19 0.00118377
-1.41274e-18 -0.00118842 -2.95994e-20 -5.40761e-05 -7.31556e-21 5.40761e-05 1.59731e-18 0.00118842
4.77591e-19 -0.00119308 -2.28665e-20 -5.41385e-05 2.93892e-20 5.41385e-05 -5.10204e-19 0.00119308
6.81093e-19 -0.00119773 -1.67853e-20 -5.4201e-05 7.5433e-20 5.4201e-05 -9.74332e-19 0.00119773
1.0272e-19 -0.00120239 1.57929e-20 -5.42634e-05 8.10477e-21 5.42634e-05 -2.22208e-19 0.00120239
1.37044e-18 -0.00120704 1.38382e-20 -5.43259e-05 3.6122e-20 5.43259e-05 -1.62024e-18 0.00120704
-2.66846e-18 -0.0012117 2.54443e-21 -5.43883e-05 6.47908e-20 5.43883e-05 2.33178e-18 0.0012117
-1.07495e-18 -0.00121635 -9.61809e-21 -5.44507e-05 -2.72968e-20 5.44507e-05 1.25953e-18 0.00121635
-6.03586e-19 -0.001221 -5.49152e-21 -5.45132e-05 4.67642e-20 5.45132e-05 3.97223e-19 0.001221
-2.81811e-18 -0.00122566 4.79367e-20 -5.45756e-05 8.02111e-20 5.45756e-05 2.17737e-18 0.00122566
-2.81731e-18 -0.00123031 5.79273e-20 -5.46381e-05 7.02205e-20 5.46381e-05 2.17658e-18 0.00123031
1.08275e-19 -0.00123497 -1.4179e-20 -5.47005e-05 3.80767e-20 5.47005e-05 -2.27763e-19 0.00123497
-2.06281e-18 -0.00123962 -2.93822e-20 -5.4763e-05 1.2278e-19 5.4763e-05 1.59582e-18 0.00123962
-1.29045e-19 -0.00124428 8.62568e-21 -5.48254e-05 1.10835e-19 5.48254e-05 -4.68257e-19 0.00124428
-8.48135e-20 -0.00124893 9.92881e-21 -5.48878e-05 9.21564e-20 5.48878e-05 -4.25613e-19 0.00124893
-1.27457e-19 -0.00125358 -1.36495e-21 -5.49503e-05 1.20825e-19 5.49503e-05 -4.69844e-19 0.00125358
-7.05831e-19 -0.00125824 1.2413e-21 -5.50127e-05 8.34689e-20 5.50127e-05 2.8228e-19 0.00125824
-1.17561e-18 -0.00126289 -2.88527e-21 -5.50752e-05 9.4079e-21 5.50752e-05 1.143e-18 0.00126289
-1.25077e-19 -0.00126755 -1.36495e-21 -5.51376e-05 1.20825e-19 5.51376e-05 -4.72225e-19 0.00126755
1.29468e-18 -0.0012722 -2.87306e-20 -5.52001e-05 1.13441e-19 5.52001e-05 -1.71823e-18 0.0012722
6.94584e-19 -0.00127686 -4.67572e-20 -5.52625e-05 1.05405e-19 5.52625e-05 -9.87823e-19 0.00127686
-2.07739e-18 -0.00128151 9.92881e-21 -5.5325e-05 9.21564e-20 5.5325e-05 1.56696e-18 0.00128151
-3.91545e-18 -0.00128616 7.46508e-20 -5.53874e-05 9.69346e-20 5.53874e-05 3.05752e-18 0.00128616
-3.23817e-19 -0.00129082 1.25351e-20 -5.54498e-05 5.48001e-20 5.54498e-05 -1.28586e-20 0.00129082
-4.31618e-19 -0.00129547 4.92398e-20 -5.55123e-05 6.1533e-20 5.55123e-05 -1.22246e-19 0.00129547
2.0626e-19 -0.00130013 -1.58214e-21 -5.55747e-05 -9.27025e-21 5.55747e-05 -1.51998e-19 0.00130013
-1.23363e-18 -0.00130478 3.51226e-20 -5.56372e-05 -2.53743e-21 5.56372e-05 1.0707e-18 0.00130478
-1.25455e-18 -0.00130944 3.4471e-20 -5.56996e-05 6.80165e-21 5.56996e-05 1.04819e-18 0.00130944
7.00933e-19 -0.00131409 1.31866e-20 -5.57621e-05 4.54611e-20 5.57621e-05 -9.94172e-19 0.00131409
3.21387e-18 -0.00131874 1.86163e-20 -5.58245e-05 1.00844e-19 5.58245e-05 -3.81117e-18 0.00131874
1.99117e-18 -0.0013234 -8.09778e-21 -5.58869e-05 8.41205e-20 5.58869e-05 -2.37128e-18 0.0013234
1.32592e-18 -0.00132805 3.18648e-20 -5.59494e-05 4.41579e-20 5.59494e-05 -1.70603e-18 0.00132805
4.41802e-18 -0.00133271 4.46789e-20 -5.60118e-05 1.26906e-19 5.60118e-05 -5.27595e-18 0.00133271
2.42068e-18 -0.00133736 7.46508e-20 -5.60743e-05 9.69346e-20 5.60743e-05 -3.27861e-18 0.00133736
1.99434e-18 -0.00134201 1.18835e-20 -5.61367e-05 6.41392e-20 5.61367e-05 -2.37446e-18 0.00134201
-3.31149e-18 -0.00134667 5.24976e-20 -5.61992e-05 1.48376e-20 5.61992e-05 2.97481e-18 0.00134667
-1.44288e-18 -0.00135132 1.86163e-20 -5.62616e-05 1.00844e-19 5.62616e-05 8.45576e-19 0.00135132
-1.26833e-18 -0.00135598 3.84755e-21 -5.63241e-05 4.61126e-20 5.63241e-05 1.01853e-18 0.00135598
1.04913e-18 -0.00136063 7.33476e-20 -5.63865e-05 1.15613e-19 5.63865e-05 -1.99393e-18 0.00136063
-1.15651e-19 -0.00136529 -1.01489e-19 -5.64489e-05 9.06361e-20 5.64489e-05 1.69913e-19 0.00136529
-1.22252e-18 -0.00136994 1.51413e-20 -5.65114e-05 1.74438e-20 5.65114e-05 1.05959e-18 0.00136994
-1.14064e-19 -0.00137459 -4.15447e-20 -5.65738e-05 3.06923e-20 5.65738e-05 1.68326e-19 0.00137459
-9.74782e-19 -0.00137925 1.25351e-20 -5.66363e-05 5.48001e-20 5.66363e-05 6.38106e-19 0.00137925
-3.94821e-19 -0.0013839 3.99007e-20 -5.66987e-05 6.21845e-20 5.66987e-05 -1.15605e-19 0.0013839
-3.28871e-19 -0.00138856 -8.09778e-21 -5.67612e-05 8.41205e-20 5.67612e-05 -5.12427e-20 0.00138856
9.82289e-19 -0.00139321 -8.74934e-21 -5.68236e-05 9.34596e-20 5.68236e-05 -1.40584e-18 0.00139321
-1.0802e-18 -0.00139787 -1.0704e-20 -5.6886e-05 1.21477e-19 5.6886e-05 5.26338e-19 0.00139787
1.64992e-18 -0.00140252 -3.87213e-20 -5.69485e-05 1.23431e-19 5.69485e-05 -2.07347e-18 0.00140252
1.73759e-18 -0.00140717 -2.61244e-20 -5.70109e-05 7.60845e-20 5.70109e-05 -1.98739e-18 0.00140717
-1.17194e-18 -0.00141183 -3.53683e-21 -5.70734e-05 1.8747e-20 5.70734e-05 1.09588e-18 0.00141183
1.83329e-18 -0.00141648 5.66242e-20 -5.71358e-05 8.88986e-20 5.71358e-05 -2.5609e-18 0.00141648
3.23132e-18 -0.00142114 -1.36495e-21 -5.71983e-05 1.20825e-19 5.71983e-05 -3.82863e-18 0.00142114
-1.29987e-18 -0.00142579 -2.74275e-20 -5.72607e-05 9.47627e-20 5.72607e-05 9.63191e-19 0.00142579
-5.24437e-19 -0.00143045 -3.41603e-20 -5.73231e-05 5.8058e-20 5.73231e-05 4.04949e-19 0.00143045
7.43285e-19 -0.0014351 -6.14309e-21 -5.73856e-05 5.61033e-20 5.73856e-05 -9.93086e-19 0.0014351
1.497e-18 -0.00143975 -3.35087e-20 -5.7448e-05 4.87189e-20 5.7448e-05 -1.57305e-18 0.00143975
-5.87213e-19 -0.00144441 -4.61056e-20 -5.75105e-05 9.60658e-20 5.75105e-05 3.37412e-19 0.00144441
-1.15846e-19 -0.00144906 3.7946e-20 -5.75729e-05 9.02018e-20 5.75729e-05 -5.24893e-19 0.00144906
1.7962e-18 -0.00145372 4.53304e-20 -5.76354e-05 1.17567e-19 5.76354e-05 -2.61069e-18 0.00145372
-5.73942e-18 -0.00145837 -9.08463e-20 -5.76978e-05 7.13064e-20 5.76978e-05 5.83712e-18 0.00145837
-1.78581e-18 -0.00146303 7.75693e-21 -5.77603e-05 -9.92181e-21 5.77603e-05 1.79664e-18 0.00146303
3.43473e-18 -0.00146768 -5.49152e-21 -5.78227e-05 4.67642e-20 5.78227e-05 -3.64109e-18 0.00146768
-1.89282e-18 -0.00147233 -4.54541e-20 -5.78851e-05 8.67267e-20 5.78851e-05 1.68645e-18 0.00147233
-2.80421e-18 -0.00147699 -4.28478e-20 -5.79476e-05 4.93704e-20 5.79476e-05 2.7716e-18 0.00147699
-7.54614e-19 -0.00148164 1.86163e-20 -5.801e-05 1.00844e-19 5.801e-05 1.57313e-19 0.00148164
1.51128e-19 -0.0014863 -4.1884e-21 -5.80725e-05 2.8086e-20 5.80725e-05 -2.70617e-19 0.0014863
-8.18184e-19 -0.00149095 -1.33103e-20 -5.81349e-05 1.58833e-19 5.81349e-05 9.05695e-20 0.00149095
-8.60828e-19 -0.00149561 -3.45947e-20 -5.81974e-05 1.97493e-19 5.81974e-05 4.63384e-20 0.00149561
-5.7769e-19 -0.00150026 -2.61244e-20 -5.82598e-05 7.60845e-20 5.82598e-05 3.27889e-19 0.00150026
1.18232e-18 -0.00150491 1.66616e-20 -5.83222e-05 1.28861e-19 5.83222e-05 -1.90994e-18 0.00150491
1.37859e-18 -0.00150957 1.25351e-20 -5.83847e-05 5.48001e-20 5.83847e-05 -1.71526e-18 0.00150957
7.62543e-20 -0.00151422 5.33664e-20 -5.84471e-05 1.35594e-19 5.84471e-05 -1.02106e-18 0.00151422
-4.80401e-19 -0.00151888 5.66242e-20 -5.85096e-05 8.88986e-20 5.85096e-05 -2.47213e-19 0.00151888
-3.71013e-19 -0.00152353 -5.0015e-20 -5.8572e-05 1.521e-19 5.8572e-05 -1.39413e-19 0.00152353
-5.89172e-20 -0.00152819 -2.06947e-20 -5.86345e-05 1.31467e-19 5.86345e-05 -4.94947e-19 0.00152819
-1.59292e-18 -0.00153284 -5.67478e-20 -5.86969e-05 1.15396e-19 5.86969e-05 1.29968e-18 0.00153284
-1.85999e-18 -0.00153749 -2.48212e-20 -5.87593e-05 5.74064e-20 5.87593e-05 1.69706e-18 0.00153749
-6.64662e-19 -0.00154215 -3.89384e-20 -5.88218e-05 -6.664e-21 5.88218e-05 8.92674e-19 0.00154215
-2.15014e-19 -0.0015468 -4.54541e-20 -5.88842e-05 8.67267e-20 5.88842e-05 8.65057e-21 0.0015468
4.51822e-19 -0.00155146 -5.54447e-20 -5.89467e-05 9.67174e-20 5.89467e-05 -6.58186e-19 0.00155146
7.42199e-19 -0.00155611 3.31679e-20 -5.90091e-05 2.54798e-20 5.90091e-05 -1.03544e-18 0.00155611
6.1268e-19 -0.00156077 -7.13391e-22 -5.90716e-05 1.11486e-19 5.90716e-05 -1.16654e-18 0.00156077
5.70036e-19 -0.00156542 4.79367e-20 -5.9134e-05 8.02111e-20 5.9134e-05 -1.21078e-18 0.00156542
-1.34042e-18 -0.00157007 -9.4009e-21 -5.91965e-05 1.02799e-19 5.91965e-05 8.73434e-19 0.00157007
1.45485e-18 -0.00157473 -5.49152e-21 -5.92589e-05 4.67642e-20 5.92589e-05 -1.66122e-18 0.00157473
6.37573e-19 -0.00157938 1.99194e-20 -5.93213e-05 8.21658e-20 5.93213e-05 -1.148e-18 0.00157938
7.03523e-19 -0.00158404 3.18648e-20 -5.93838e-05 4.41579e-20 5.93838e-05 -1.08364e-18 0.00158404
5.95723e-19 -0.00158869 -2.13462e-20 -5.94462e-05 1.40807e-19 5.94462e-05 -1.19302e-18 0.00158869
-2.51651e-18 -0.00159335 -2.48212e-20 -5.95087e-05 5.74064e-20 5.95087e-05 2.35358e-18 0.00159335
-1.40082e-18 -0.001598 1.86163e-20 -5.95711e-05 1.00844e-19 5.95711e-05 8.03516e-19 0.001598
-3.2244e-18 -0.00160265 1.38382e-20 -5.96336e-05 3.6122e-20 5.96336e-05 2.9746e-18 0.00160265
-8.20063e-19 -0.00160731 6.01943e-21 -5.9696e-05 1.48191e-19 5.9696e-05 4.90111e-20 0.00160731
-2.10792e-18 -0.00161196 7.32256e-21 -5.97584e-05 1.29513e-19 5.97584e-05 1.42374e-18 0.00161196
1.03486e-18 -0.00161662 -7.82494e-20 -5.98209e-05 2.39595e-20 5.98209e-05 -7.6341e-19 0.00161662
1.78133e-18 -0.00162127 6.40086e-20 -5.98833e-05 1.16264e-19 5.98833e-05 -2.6827e-18 0.00162127
-1.29127e-19 -0.00162593 -1.33103e-20 -5.99458e-05 1.58833e-19 5.99458e-05 -5.98487e-19 0.00162593
-6.64063e-19 -0.00163058 -1.93915e-20 -6.00082e-05 1.12789e-19 6.00082e-05 1.97075e-19 0.00163058
-1.56498e-19 -0.00163523 -3.41603e-20 -6.00707e-05 5.8058e-20 6.00707e-05 3.701e-20 0.00163523
-3.61623e-18 -0.00163989 -1.80884e-20 -6.01331e-05 9.41111e-20 6.01331e-05 3.23612e-18 0.00163989
-8.35433e-19 -0.00164454 1.53585e-20 -6.01955e-05 1.47539e-19 6.01955e-05 2.09437e-20 0.00164454
-2.6373e-18 -0.0016492 -2.87306e-20 -6.0258e-05 1.13441e-19 6.0258e-05 2.21375e-18 0.0016492
-1.26098e-18 -0.00165385 -1.74368e-20 -6.03204e-05 8.47721e-20 6.03204e-05 9.24306e-19 0.00165385
5.01782e-20 -0.0016585 1.89286e-21 -6.03829e-05 7.41299e-20 6.03829e-05 -4.30292e-19 0.0016585
-2.54804e-18 -0.00166316 -6.14309e-21 -6.04453e-05 5.61033e-20 6.04453e-05 2.29824e-18 0.00166316
-1.83777e-18 -0.00166781 5.15068e-21 -6.05078e-05 2.74345e-20 6.05078e-05 1.67484e-18 0.00166781
1.07334e-18 -0.00167247 -7.44621e-21 -6.05702e-05 7.47814e-20 6.05702e-05 -1.41002e-18 0.00167247
-2.94384e-18 -0.00167712 -8.09778e-21 -6.06327e-05 8.41205e-20 6.06327e-05 2.56373e-18 0.00167712
1.2704e-18 -0.00168178 -5.15353e-20 -6.06951e-05 4.06829e-20 6.06951e-05 -1.21614e-18 0.00168178
-1.54501e-18 -0.00168643 -7.60775e-20 -6.07575e-05 1.26038e-19 6.07575e-05 1.29521e-18 0.00168643
-1.65281e-18 -0.00169108 -9.4009e-21 -6.082e-05 1.02799e-19 6.082e-05 1.18582e-18 0.00169108
-8.77381e-19 -0.00169574 -2.61244e-20 -6.08824e-05 7.60845e-20 6.08824e-05 6.2758e-19 0.00169574
-1.47747e-18 -0.00170039 -3.41603e-20 -6.09449e-05 5.8058e-20 6.09449e-05 1.35798e-18 0.00170039
-2.74361e-18 -0.00170505 -9.21494e-20 -6.10073e-05 8.99846e-20 6.10073e-05 2.75443e-18 0.00170505
2.39897e-19 -0.0017097 1.73132e-20 -6.10698e-05 1.19522e-19 6.10698e-05 -9.24074e-19 0.0017097
-4.4707e-19 -0.00171436 -3.31964e-21 -6.11322e-05 1.48842e-19 6.11322e-05 -2.80544e-19 0.00171436
-2.35753e-18 -0.00171901 9.27725e-21 -6.11946e-05 1.01496e-19 6.11946e-05 1.80367e-18 0.00171901
-4.02046e-19 -0.00172366 1.79648e-20 -6.12571e-05 1.10183e-19 6.12571e-05 -2.38693e-19 0.00172366
3.08228e-19 -0.00172832 9.27725e-21 -6.13195e-05 1.01496e-19 6.13195e-05 -8.62092e-19 0.00172832
-9.36188e-19 -0.00173297 2.18741e-20 -6.1382e-05 5.41486e-20 6.1382e-05 5.56075e-19 0.00173297
1.38127e-18 -0.00173763 1.45849e-21 -6.14444e-05 2.13564e-19 6.14444e-05 -2.45639e-18 0.00173763
1.02009e-18 -0.00174228 -2.93822e-20 -6.15069e-05 1.2278e-19 6.15069e-05 -1.48708e-18 0.00174228
-3.32921e-19 -0.00174694 -1.00525e-20 -6.15693e-05 1.12138e-19 6.15693e-05 -1.77505e-19 0.00174694
-5.27597e-19 -0.00175159 4.06474e-21 -6.16317e-05 1.76208e-19 6.16317e-05 -3.73768e-19 0.00175159
9.13876e-19 -0.00175624 2.73038e-20 -6.16942e-05 1.09531e-19 6.16942e-05 -1.59805e-18 0.00175624
2.1816e-18 -0.0017609 6.53117e-20 -6.17566e-05 9.75861e-20 6.17566e-05 -2.99609e-18 0.0017609
-1.44464e-18 -0.00176555 -2.35181e-20 -6.18191e-05 3.87282e-20 6.18191e-05 1.36859e-18 0.00176555
-2.37052e-18 -0.00177021 -3.13369e-20 -6.18815e-05 1.50797e-19 6.18815e-05 1.77322e-18 0.00177021
-1.76128e-19 -0.00177486 -6.54353e-20 -6.1944e-05 1.06708e-19 6.1944e-05 -3.02351e-20 0.00177486
-4.3596e-19 -0.00177952 3.66429e-20 -6.20064e-05 1.0888e-19 6.20064e-05 -2.91654e-19 0.00177952
-5.65479e-19 -0.00178417 7.26961e-20 -6.20689e-05 1.24952e-19 6.20689e-05 -4.2276e-19 0.00178417
-1.61443e-18 -0.00178882 -3.87213e-20 -6.21313e-05 1.23431e-19 6.21313e-05 1.19088e-18 0.00178882
-2.3811e-19 -0.00179348 -7.44621e-21 -6.21937e-05 7.47814e-20 6.21937e-05 -9.85657e-20 0.00179348
-2.32232e-18 -0.00179813 1.99194e-20 -6.22562e-05 8.21658e-20 6.22562e-05 1.81189e-18 0.00179813
5.75786e-18 -0.00180279 2.25257e-20 -6.23186e-05 4.48095e-20 6.23186e-05 -6.09454e-18 0.00180279
3e-19 -0.00180744 -1.36495e-21 -6.23811e-05 1.20825e-19 6.23811e-05 -8.97302e-19 0.00180744
-2.13217e-19 -0.0018121 -6.67385e-20 -6.24435e-05 1.25386e-19 6.24435e-05 -8.00213e-20 0.0018121
